energy zenith azimuth antennas alpha Xmax srad muons target
1.54961e+18 41.0088 303.544 6 89.799 641.545 1.71951e+07 2.37553 1
7.99267e+17 47.9999 20.302 7 51.1919 660.695 3.59349e+06 1.53109 1
5.76882e+17 52.0915 252.634 8 75.4903 616.069 2.96065e+06 0.817683 1
8.18117e+17 49.052 227.238 12 85.4818 633.066 5.53098e+06 1.68141 1
5.26806e+17 48.4671 335.087 8 80.7137 607.021 2.08501e+06 0.904964 1
9.11067e+17 41.4961 3.9628 5 60.4125 646.3 5.15866e+06 1.66372 1
4.16782e+17 52.7037 16.52 6 55.6768 586.473 1.23883e+06 0.919866 1
3.79078e+17 44.6878 264.855 6 81.1477 621.315 1.17072e+06 0.647642 1
5.61512e+17 41.3601 191.073 7 71.3802 586.944 3.22854e+06 0.901688 1
1.84816e+18 44.0406 140.795 11 40.3765 672.831 1.49492e+07 2.95576 1
2.16314e+17 44.845 245.315 16 83.1606 622.792 338257 0.408771 1
4.48555e+17 53.229 314.714 8 85.6919 611.95 1.65307e+06 0.733987 1
5.71259e+17 42.2455 231.686 7 89.5269 615.069 2.75109e+06 1.10524 1
3.30428e+17 47.4693 179.224 17 68.1758 576.644 910790 0.658392 1
3.71746e+17 48.7448 264.883 8 77.4338 591.575 1.15341e+06 0.554653 1
2.25115e+18 50.026 244.811 9 78.0936 646.957 4.7565e+07 3.05977 1
3.71767e+17 43.5849 218.937 8 86.8742 591.044 1.44735e+06 0.631669 1
4.29525e+17 43.6135 250.692 5 83.095 647.392 1.56423e+06 0.782592 1
1.89778e+18 7.49434 202.12 5 57.3668 672.242 1.81351e+07 2.87976 1
7.72399e+17 54.471 300.677 30 78.008 631.595 6.17454e+06 1.21577 1
4.12216e+17 44.7395 284.766 5 82.8508 661.535 1.48229e+06 0.744351 1
3.43545e+17 45.8871 257.666 7 80.5338 596.311 1.05877e+06 0.514352 1
4.74424e+17 50.4982 348.459 5 73.8373 631.606 1.91614e+06 0.76215 1
9.53097e+17 40.3638 251.377 7 86.8572 616.659 6.75637e+06 1.83869 1
4.28817e+17 48.4992 275.516 8 77.7853 587.198 1.71051e+06 0.829049 1
6.57493e+17 41.2316 213.155 6 83.1631 606.178 1.80091e+06 1.17169 1
3.98524e+17 47.4746 278.655 9 78.7813 632.799 1.37846e+06 0.700265 1
2.22747e+17 44.5788 279.801 11 81.5515 581.866 323305 0.466888 1
6.81586e+17 52.2397 289.103 13 76.3897 637.284 4.39285e+06 0.979958 1
1.95663e+17 28.6217 28.513 7 44.8278 585.994 331420 0.399734 1
6.22509e+17 47.5 197.195 5 79.3185 613.496 3.39208e+06 0.933684 1
5.48328e+17 49.9186 346.271 6 75.1052 606.338 2.4555e+06 0.981634 1
2.40406e+18 49.5034 215.869 12 89.7976 680.726 5.36927e+07 3.13034 1
2.66883e+17 54.1588 175.142 22 68.7343 587.138 703819 0.502425 1
3.30072e+17 32.1358 318.736 15 77.1127 626.228 755592 0.30892 1
2.55795e+17 50.9883 223.756 18 84.7096 581.851 582815 0.654541 1
4.52297e+17 54.1131 255.49 11 72.8752 606.309 1.90766e+06 0.511557 1
2.93371e+17 46.6748 259.127 6 80.1343 566.862 655319 0.519049 1
5.98119e+17 45.5146 239.36 17 83.8035 631.312 3.0136e+06 1.06891 1
4.40165e+17 51.1609 291.803 5 78.3056 641.867 2.09609e+06 0.786557 1
7.95042e+17 49.3465 279.202 7 76.9101 656.706 6.05125e+06 1.3491 1
2.18481e+17 46.884 210.208 7 84.4157 607.432 455143 0.261828 1
5.30812e+17 52.5274 154.539 23 53.0587 663.948 1.65875e+06 0.989898 1
9.03958e+17 53.5304 253.747 11 73.2851 616.949 7.79798e+06 1.33607 1
1.18134e+18 47.7967 3.0499 7 62.8535 676.755 1.1169e+07 1.79116 1
4.25096e+17 54.2891 254.316 28 72.5001 650.077 1.61843e+06 0.95742 1
2.63134e+17 48.2827 190.073 23 75.5915 586.572 652716 0.492796 1
8.92058e+17 53.0282 183.936 7 73.8365 627.313 7.11067e+06 1.40799 1
1.83832e+17 49.7029 334.632 18 82.2228 623.453 266543 0.489986 1
1.84188e+17 32.4586 357.442 8 60.9795 646.642 410328 0.433149 1
1.97495e+17 43.4919 278.249 8 81.872 627.596 455362 0.360176 1
1.60245e+18 49.2105 292.812 7 80.4471 635.586 2.36501e+07 2.20078 1
3.15281e+17 53.6861 230.572 25 79.5704 600.969 972320 0.563489 1
6.80537e+17 49.2981 247.122 11 79.0261 597.644 4.28164e+06 1.14467 1
2.84915e+17 45.8519 330.408 16 82.0873 596.924 674143 0.627531 1
4.722e+17 51.7712 172.345 23 65.6119 611.871 1.70427e+06 0.862029 1
5.81314e+17 45.4951 347.15 5 72.2223 691.269 2.68446e+06 0.867285 1
1.24251e+18 50.8837 325.527 8 87.7335 636.891 1.49787e+07 1.61062 1
1.77711e+18 41.0846 301.145 7 89.8927 641.698 2.68917e+07 1.46072 1
3.95283e+17 42.891 327.516 5 81.1694 601.92 1.23474e+06 0.869057 1
5.53216e+17 54.359 244.242 17 74.8639 651.043 2.6093e+06 0.937814 1
6.2317e+17 52.605 338.466 6 81.5624 621.713 4.44063e+06 1.1273 1
8.01345e+17 45.9084 9.034 5 58.4403 696.103 3.199e+06 1.5838 1
1.85164e+17 30.8751 298.984 8 81.855 563.057 286004 0.450302 1
6.71863e+17 48.7099 177.826 7 67.2894 590.825 4.14488e+06 1.15832 1
7.74809e+17 35.5772 296.785 6 86.3781 651.33 4.85723e+06 1.46603 1
7.70308e+17 48.7459 220.152 7 88.3941 691.058 4.93268e+06 1.31026 1
8.86768e+17 52.7154 228.915 9 81.7978 666.071 6.82215e+06 1.1309 1
4.41584e+17 42.3126 240.554 15 86.6188 655.985 1.22133e+06 0.663755 1
4.7238e+17 54.1496 257.006 7 72.7574 666.957 1.62007e+06 0.919128 1
6.05414e+17 52.4403 134.623 23 37.8746 661.203 1.45387e+06 1.11293 1
6.58606e+17 49.6202 216.993 7 89.4148 641.053 3.80284e+06 1.25159 1
1.96864e+17 44.2247 229.486 13 87.8938 561.934 312696 0.309563 1
5.7902e+17 53.9038 258.212 26 71.9723 642.865 2.40875e+06 1.09169 1
3.26655e+17 48.9456 305.35 8 84.502 611.585 893574 0.891591 1
1.40319e+17 21.2858 241.276 6 74.4523 586.122 111673 0.290505 1
3.50676e+17 46.2183 334.062 5 79.894 617.048 1.26188e+06 1.66075e-05 1
9.4006e+17 53.5649 240.203 8 76.5087 636.766 9.25472e+06 1.51977 1
7.20001e+17 52.1774 146.858 8 46.7823 636.551 2.82536e+06 1.10746 1
2.21571e+17 50.3943 216.893 21 88.3974 557.078 521539 0.247941 1
7.27868e+17 51.0674 161.529 31 57.4985 662.465 3.71701e+06 1.16693 1
2.4907e+18 36.5741 271.905 5 89.7132 721.169 3.75577e+07 3.17724 1
2.96308e+17 46.1439 347.457 11 72.0864 617.779 629265 0.668298 1
1.10636e+18 32.216 238.156 6 83.0019 662.748 8.64069e+06 1.83951 1
1.92542e+17 30.8727 233.508 12 81.4954 636.268 264926 0.447829 1
1.15059e+18 44.9248 240.617 12 84.6192 621.773 1.30189e+07 1.5844 1
3.4848e+17 53.4517 264.574 22 72.648 636.231 1.15275e+06 0.705785 1
3.60076e+17 53.3242 278.433 7 73.1834 633.05 1.03848e+06 0.546651 1
9.04859e+17 42.6897 174.54 8 62.4285 637.248 6.49144e+06 1.51555 1
3.1451e+17 54.5863 245.347 7 74.2904 632.568 803437 0.696331 1
7.59156e+17 53.5875 318.433 11 85.9743 638.612 5.75455e+06 1.13051 1
6.86626e+17 51.2534 278.481 10 74.8346 624.082 1.79951e+06 1.12266 1
3.13949e+17 51.9841 253.132 7 74.8352 595.768 911212 0.608693 1
2.48095e+17 45.0243 245.37 5 83.7572 606.162 495438 0.577107 1
3.688e+17 30.6509 77.103 6 25.0937 562.077 222437 0.858204 1
7.29419e+17 38.0802 288.723 7 89.9403 596.379 4.15965e+06 1.29285 1
6.46131e+17 51.7969 289.52 11 76.9064 611.532 3.72904e+06 1.14197 1
8.83634e+17 41.7198 259.329 8 84.7248 628.492 7.0592e+06 1.35824 1
3.77612e+18 39.8933 78.355 6 15.5858 711.1 1.05545e+07 4.14483 1
2.77221e+17 53.653 234.315 29 78.2063 660.923 658762 0.504287 1
4.28582e+17 44.7185 306.787 7 88.6886 601.545 1.45461e+06 0.836803 1
3.43812e+17 45.9131 204.532 7 81.4799 634.614 902725 0.776077 1
4.52606e+17 53.2015 339.793 8 81.3574 611.732 2.22722e+06 0.797725 1
2.63743e+17 47.355 314.512 5 89.9959 612.064 620282 0.442657 1
1.86518e+17 39.9128 305.502 10 87.9726 611.621 233722 0.344342 1
2.30902e+17 53.2084 325.402 19 89.7119 632.311 487734 0.494843 1
4.61344e+17 40.7504 38.919 9 37.8093 660.149 478821 0.908052 1
4.6851e+17 46.6812 324.248 11 84.8493 624.181 1.78924e+06 0.896035 1
6.08335e+17 52.826 185.271 9 74.4145 646.318 2.99949e+06 1.04757 1
3.5542e+17 44.3906 359.498 5 64.1025 616.795 1.08067e+06 0.852836 1
4.6906e+17 48.1158 145.19 13 44.614 566.402 1.05737e+06 0.861955 1
3.17883e+17 51.1407 277.048 6 74.837 602.122 905348 0.586864 1
2.17648e+17 50.3889 250.235 24 76.9036 592.752 355056 0.520075 1
5.11695e+17 52.7122 321.757 5 88.8938 686.125 2.4287e+06 0.97562 1
2.94274e+17 45.7247 298.711 6 85.0946 557.004 760011 0.464566 1
2.57993e+17 42.1069 272.557 5 84.5245 652.029 442523 0.483418 1
8.24384e+17 46.5425 223.392 10 89.1192 661.485 5.48671e+06 1.54741 1
5.17774e+17 47.8362 357.499 6 66.6063 617.127 2.0382e+06 0.940789 1
5.701e+17 53.5676 217.901 10 85.9859 596.995 3.32958e+06 1.16076 1
1.68739e+18 49.033 35.507 6 40.0504 653.605 1.21689e+07 2.3191 1
2.8816e+17 52.0113 212.889 32 89.1058 596.255 752369 0.748969 1
9.45255e+17 49.0955 355.084 9 69.2944 636.076 7.8958e+06 1.23208 1
7.59021e+17 50.6696 252.789 6 76.6838 615.647 5.06873e+06 1.11418 1
2.757e+18 35.2048 324.917 6 77.1643 688.596 3.90951e+07 0.799806 1
4.42878e+17 41.1449 283.393 5 85.7533 603.41 1.68779e+06 0.780048 1
1.80482e+18 49.5867 311.857 18 86.5562 641.35 3.21618e+07 2.86215 1
9.87504e+17 45.5938 47.633 6 31.2524 631.247 2.37673e+06 1.36693 1
2.49649e+17 33.3488 257.338 8 87.841 635.227 522408 0.644372 1
6.67859e+17 42.4807 308.759 5 88.8507 656.039 3.70349e+06 1.08351 1
1.07513e+18 48.8293 211.418 8 87.8136 671.421 1.11546e+07 1.86195 1
4.84804e+17 46.6087 359.562 6 64.9865 622.409 1.51613e+06 0.780329 1
7.84509e+17 46.8205 270.298 10 79.3133 666.21 5.24584e+06 1.30698 1
2.53866e+17 44.6537 250.213 20 82.4487 621.608 518401 0.589041 1
3.10417e+17 53.4104 347.232 28 76.7893 616.293 891249 0.666243 1
1.5962e+18 34.3106 239.194 6 85.1509 621.662 3.60984e+07 2.61344 1
8.28654e+17 38.6976 274.384 7 87.1131 657.676 4.27807e+06 1.46046 1
8.57566e+17 49.4842 315.273 12 88.0689 639.273 6.84904e+06 1.50146 1
2.83298e+17 42.3917 265.29 17 83.1622 616.999 638960 0.475822 1
4.49734e+17 38.1303 201.615 5 74.7834 596.68 1.62964e+06 0.898312 1
5.95918e+17 44.8927 208.42 7 82.4574 642.176 3.04834e+06 1.01575 1
2.99081e+17 54.8953 278.611 30 71.1659 640.577 640044 0.604076 1
4.9971e+17 49.6135 212.569 11 88.3034 621.575 2.83456e+06 0.939745 1
3.41366e+17 54.2444 298.571 35 76.8491 609.006 906792 0.60844 1
5.08413e+17 54.6742 192.664 41 80.7543 636.017 2.48161e+06 1.10967 1
6.91807e+17 51.4442 230.356 8 81.8361 646.437 4.25866e+06 1.2769 1
2.66967e+17 49.3502 246.878 6 78.9505 657.412 642691 0.468236 1
2.54771e+17 47.6387 228.37 24 85.6432 616.561 470940 0.658604 1
3.69175e+17 48.5033 305.912 7 84.5488 606.818 1.42279e+06 0.625416 1
5.18379e+17 52.4091 187.033 11 76.1583 601.683 2.35957e+06 0.673217 1
3.8087e+17 51.9943 320.675 9 88.8398 654.81 1.27538e+06 0.692437 1
1.45908e+18 43.5816 286.665 10 83.8289 667.3 1.76199e+07 2.33542 1
5.23345e+17 47.4234 271.298 5 78.167 652.002 1.97748e+06 0.782787 1
7.14157e+17 51.5453 284.837 7 75.1061 647.135 4.79389e+06 1.09642 1
5.69316e+17 37.714 295.426 7 88.4857 611.245 2.47361e+06 1.10754 1
3.43674e+17 50.7612 210.694 8 88.3584 677.285 916288 0.476176 1
1.6571e+18 51.8033 182.94 14 72.8883 631.944 2.25576e+07 2.53404 1
8.76209e+17 53.1173 6.5393 11 63.0756 651.344 6.18907e+06 1.10562 1
8.39081e+17 50.5151 296.391 6 80.2647 612.109 6.83953e+06 1.39858 1
7.05299e+17 41.2245 307.539 6 87.8403 606.143 4.70537e+06 1.10681 1
2.55061e+17 30.4651 151.304 6 47.0776 615.281 288608 0.252007 1
7.52141e+17 34.8809 298.387 5 84.803 645.92 7.86807e+06 1.29634 1
1.19473e+18 46.3606 53.069 6 27.4718 640.819 3.03469e+06 2.10722 1
4.78465e+17 53.0742 297.275 38 77.6375 611.366 2.19967e+06 0.869181 1
5.78655e+17 41.7733 227.133 7 88.4205 611.544 2.67772e+06 1.06194 1
3.80791e+17 20.8713 300.281 5 71.5993 601.522 1.44377e+06 0.953289 1
3.25059e+17 44.9809 347.58 6 71.5553 642.74 770486 0.722973 1
3.45799e+17 54.3964 223.994 33 81.824 611.443 1.17606e+06 0.611829 1
5.58073e+17 35.7091 242.225 5 87.0509 612.851 2.86949e+06 0.960909 1
7.72792e+17 44.2077 152.915 7 48.9342 655.766 2.70655e+06 1.07315 1
1.33763e+18 48.9976 10.596 8 58.1415 652.248 1.15669e+07 1.77778 1
2.40207e+17 49.5703 293.729 13 79.4835 621.42 466809 0.471433 1
1.91015e+18 45.763 162.151 10 55.7905 652.607 2.32297e+07 2.69362 1
3.15723e+17 43.6214 182.8 16 67.9961 648.746 707587 0.634266 1
4.07494e+17 46.3245 175.886 9 64.8053 601.636 1.31587e+06 0.801419 1
3.39737e+17 44.2968 233.136 22 87.1063 677.097 800117 0.546204 1
3.01457e+17 42.3046 230.939 8 89.8423 615.881 653974 0.766777 1
1.98543e+17 27.4638 270.712 7 81.4779 578.199 167394 0.309927 1
2.31961e+17 41.4102 278.342 7 85.6425 626.395 492361 0.506806 1
6.86471e+17 54.1441 3.3374 6 65.7452 646.199 3.09124e+06 1.01706 1
2.2802e+17 42.9443 280.616 12 82.9284 603.099 356452 0.467808 1
4.80028e+17 43.1768 27.727 15 45.3847 606.404 1.14519e+06 0.80312 1
2.09956e+17 44.4084 246.384 16 82.8938 582.095 279491 0.423609 1
5.67556e+17 43.1829 347.964 24 70.6902 645.484 2.2901e+06 1.22862 1
8.67802e+17 48.8938 133.931 8 36.1871 631.889 2.45654e+06 1.33465 1
6.06279e+17 49.3553 162.529 8 56.984 617.601 2.88607e+06 1.16424 1
1.12324e+18 40.6112 342.768 6 71.6176 636.651 9.82281e+06 1.83944 1
5.88324e+17 50.6858 271.837 9 75.4735 656.255 3.01562e+06 0.915987 1
7.73262e+17 50.0174 146.562 6 45.8075 646.531 3.46952e+06 1.48423 1
1.0079e+18 49.2382 264.567 25 76.4156 700.441 8.0402e+06 1.68661 1
6.21988e+17 54.6989 265.399 12 71.4511 614.975 3.37709e+06 0.812753 1
8.31489e+17 46.9291 250.541 6 80.7961 606.598 6.23579e+06 1.27224 1
2.08251e+17 47.1886 239.98 16 81.9964 672.007 243059 0.466215 1
2.61985e+17 42.6816 276.565 20 83.0443 601.813 568965 0.583317 1
3.18137e+17 44.0923 301.515 20 86.8773 596.711 674974 0.766059 1
7.27511e+17 44.7704 248.35 7 83.2629 661.239 4.20285e+06 1.09335 1
6.33488e+17 45.8795 340.671 8 76.1677 634.203 3.23229e+06 1.19745 1
1.68633e+18 38.1976 40.043 7 37.0452 633.844 8.49722e+06 2.3826 1
2.69843e+17 41.0497 178.668 10 64.8506 566.976 376422 0.570212 1
1.28137e+17 29.8176 318.397 8 75.6492 591.485 181388 0.299652 1
7.4626e+17 52.7579 173.704 7 66.35 644.46 4.38009e+06 1.363 1
3.57087e+17 44.4936 14.039 6 54.9088 677.639 814526 0.634426 1
6.59221e+17 39.1817 326.088 6 79.0822 606.036 3.46046e+06 1.16887 1
2.70228e+17 46.4014 16.039 9 53.9131 681.704 412242 0.570616 1
1.5348e+18 44.0543 359.053 8 64.2333 673.034 1.80382e+07 2.41487 1
2.13869e+17 48.5979 221.701 21 87.7404 628.44 353854 0.316472 1
5.20349e+17 51.7445 243.281 10 77.6141 631.247 2.37087e+06 0.933619 1
3.34166e+17 44.2343 292.954 25 84.3638 597.268 891718 0.644334 1
3.98672e+17 46.6499 197.508 9 77.7867 642.659 1.44881e+06 0.680655 1
9.87837e+17 54.5712 357.981 9 69.6615 651.848 7.29107e+06 1.40665 1
2.63788e+17 48.3994 340.284 6 78.3125 625.91 529733 0.474614 1
7.60244e+17 54.3891 218.33 5 85.1932 671.05 5.8736e+06 1.2557 1
3.66929e+17 47.0083 301.212 25 84.3792 609.874 1.07657e+06 0.702173 1
1.23439e+18 50.5202 0.812798 8 66.2166 652.468 1.1516e+07 1.85744 1
4.7575e+17 43.035 159.174 6 52.6905 603.275 1.35772e+06 0.890395 1
1.3639e+18 49.0057 345.357 9 74.988 652.113 1.61363e+07 2.02794 1
7.12391e+17 50.1161 181.006 5 70.0108 607.432 4.59722e+06 1.13558 1
3.115e+17 43.5735 194.789 8 75.8088 668.802 666989 0.615495 1
7.03284e+17 49.837 197.27 10 79.9274 586.699 4.9052e+06 1.06432 1
6.6119e+17 44.0822 295.396 7 85.3483 596.2 3.73409e+06 0.902134 1
4.66107e+17 53.2516 257.223 13 73.4817 611.903 1.80137e+06 0.710205 1
1.86781e+17 21.4219 221.781 7 70.6809 586.054 291587 0.337361 1
2.38451e+17 42.6115 237.333 12 86.8611 601.632 314252 0.376256 1
2.9741e+17 40.5363 331.396 8 77.9722 616.456 634838 0.643818 1
5.37815e+17 52.0576 193.845 7 79.3232 636.033 2.62628e+06 0.774599 1
4.77374e+17 54.153 169.632 23 64.5764 667.227 1.94664e+06 0.920792 1
3.19193e+17 52.3207 250.145 8 76.1678 618.631 759377 0.510701 1
5.5982e+17 54.5105 29.711 23 45.8851 632.118 1.82188e+06 1.17583 1
4.43178e+17 41.0802 254.1 17 85.2593 605.34 1.37432e+06 0.952615 1
6.95848e+17 49.4425 214.027 25 89.0762 600.922 4.77969e+06 1.21753 1
4.06296e+17 49.7024 221.392 7 87.4203 641.382 1.51927e+06 0.481472 1
4.82309e+17 50.2094 175.197 7 66.2094 629.118 1.67586e+06 0.958431 1
2.54609e+17 53.2674 311.114 14 83.1019 576.602 309758 0.493957 1
3.33303e+17 20.5824 315.291 6 69.6719 618.085 520016 0.538618 1
9.01066e+17 46.5127 283.047 5 79.9685 726.69 4.98549e+06 1.57703 1
4.36545e+17 53.1044 285.055 7 74.8003 591.716 1.91105e+06 0.622997 1
3.52642e+17 47.3349 324.489 5 86.0075 691.871 929084 0.623512 1
2.19832e+17 51.3689 282.701 24 75.7371 626.348 400100 0.445204 1
2.9206e+17 44.3333 175.098 6 63.958 580.692 669831 0.609548 1
3.02287e+17 47.6503 297.005 7 83.0969 596.787 819809 0.656942 1
2.70777e+17 16.0013 266.635 7 70.8643 601.819 402937 0.684552 1
2.45214e+17 28.702 268.607 15 83.4447 586.209 474236 0.536567 1
1.38618e+18 53.1974 273.899 10 72.6539 631.545 2.05774e+07 1.77021 1
1.91584e+17 41.5335 291.616 17 86.3862 571.787 336757 0.316806 1
2.01601e+17 12.337 242.063 5 65.3032 591.41 176841 0.307263 1
1.13568e+18 47.1478 231.088 7 85.7656 668.344 1.27533e+07 1.74352 1
2.64354e+17 43.0809 292.441 19 85.2644 606.121 544872 0.532376 1
3.9764e+17 47.72 271.253 8 78.3873 596.845 1.4196e+06 0.5157 1
1.1187e+18 48.1538 230.383 6 85.2847 682.668 1.08737e+07 1.6801 1
1.57367e+17 45.5412 257.961 8 80.9184 631.141 197874 0.327897 1
7.59902e+17 53.2607 44.049 6 35.0354 631.711 2.40203e+06 1.23309 1
2.83023e+17 24.7331 175.651 8 57.1196 617.368 444213 0.503222 1
4.94051e+17 40.5872 172.482 12 61.0121 637.259 1.60711e+06 0.660947 1
8.31017e+17 32.6043 155.486 5 48.7114 686.789 3.27824e+06 1.51605 1
2.95308e+17 48.8669 268.683 6 77.246 672.025 631420 0.649036 1
1.49858e+18 52.9285 308.507 9 82.5082 646.63 2.2655e+07 1.89394 1
2.99491e+17 48.4661 236.847 7 82.6415 626.727 767108 0.505309 1
3.83047e+17 51.4392 256.377 27 75.048 607.068 1.24595e+06 0.761455 1
5.07646e+17 45.9333 240.12 6 84.3244 596.74 2.52524e+06 0.933338 1
1.63977e+17 31.685 259.564 11 86.4207 621.851 202104 0.491136 1
4.93226e+17 46.4287 283.302 8 80.7996 641.375 2.16347e+06 0.887491 1
4.01744e+17 50.1814 217.688 9 88.9741 627.787 1.51958e+06 0.630026 1
4.81141e+17 47.3802 288.592 7 80.8994 631.727 2.14995e+06 0.757769 1
5.74781e+17 41.367 177.536 6 63.4667 644.349 2.40008e+06 0.991032 1
2.75936e+17 43.3211 291.712 6 85.4332 645.043 606156 0.81552 1
4.00869e+17 52.8316 315.57 34 85.38 607.046 1.51618e+06 0.508431 1
7.18997e+17 48.8747 202.777 14 83.5671 632.331 4.77262e+06 1.0719 1
4.63641e+17 54.8342 310.244 27 81.5034 657.978 2.1042e+06 0.622984 1
6.11601e+17 40.6307 285.853 7 86.9764 616.988 3.48703e+06 1.14687 1
5.43687e+17 53.6524 187.282 7 76.1678 658.055 2.73871e+06 0.940805 1
3.57857e+17 12.8472 237.535 5 65.4044 646.757 679917 0.815707 1
5.43761e+17 46.2896 281.53 6 80.9502 601.608 2.43516e+06 1.05267 1
1.9911e+17 38.5128 250.679 8 87.8973 618.592 265567 0.453494 1
6.84133e+17 50.1485 275.901 27 75.6251 712.401 2.868e+06 1.38997 1
8.42719e+17 49.7063 329.039 10 85.3043 641.766 6.00228e+06 1.34323 1
6.33076e+17 45.4855 187.453 17 72.1612 611.445 2.84074e+06 1.22188 1
2.62113e+18 53.633 164.752 10 60.2675 636.983 5.65701e+07 3.57481 1
1.63809e+18 53.9123 229.911 41 79.7369 643.567 2.65974e+07 2.35752 1
1.32756e+18 49.717 299.9 6 81.1321 663.14 1.55979e+07 2.17342 1
5.44406e+17 51.7637 323.953 10 89.7998 631.186 2.94694e+06 1.10897 1
3.10499e+17 45.6072 254.917 14 81.1841 611.874 546426 0.501231 1
1.44508e+17 43.2788 231.929 8 87.8775 626.191 159677 0.37657 1
3.04037e+17 45.0262 310.019 19 89.2121 645.585 670355 0.50288 1
1.87858e+17 24.4375 185.185 8 60.6736 581.724 202830 0.322636 1
4.82182e+17 52.1979 284.879 9 75.6298 596.842 2.19498e+06 0.949749 1
5.68345e+17 42.8522 150.594 5 46.9821 640.614 1.54087e+06 1.08216 1
2.97118e+17 44.8275 277.241 6 81.1283 642.123 654428 0.595789 1
6.52419e+17 37.0065 16.956 9 51.1188 606.697 3.45417e+06 0.302646 1
7.44963e+17 54.0029 241.754 9 76.1369 708.667 4.94826e+06 1.07459 1
2.29333e+17 45.9585 220.754 25 89.9884 561.534 397768 0.446367 1
9.35661e+17 52.0625 188.659 11 76.1637 655.077 8.38686e+06 1.50299 1
1.15498e+18 42.6037 119.259 6 25.9127 657.318 3.05613e+06 2.04544 1
9.87799e+17 46.8685 178.941 5 67.6074 646.055 7.20742e+06 1.51149 1
2.20248e+18 29.0559 101.888 10 26.9405 682.189 1.42654e+07 3.13464 1
3.77716e+17 48.9427 253.131 23 78.1925 631.84 1.22078e+06 0.770468 1
1.91643e+17 41.9374 322.133 8 83.4684 557.037 303453 0.502127 1
5.282e+17 41.1463 249.238 5 86.1145 603.14 2.52276e+06 1.08789 1
4.28872e+17 43.7724 300.906 6 87.5075 611.437 2.15042e+06 0.863755 1
1.42942e+17 42.8996 224.289 9 88.1724 602.028 171099 0.35829 1
5.07817e+17 53.8899 316.249 38 84.7543 622.676 2.29326e+06 1.1252 1
2.12532e+17 43.0586 325.491 13 82.8445 586.748 356448 0.412155 1
1.2731e+18 34.4961 348.135 8 66.1949 682.077 1.32883e+07 1.57388 1
3.04786e+17 51.2819 223.124 7 84.9051 622.426 1.3855e+06 0.526968 1
6.91829e+17 50.1986 190.454 11 76.1394 648.149 4.14582e+06 1.10262 1
4.68935e+17 35.0964 5.7045 11 57.342 627.566 1.5759e+06 0.961216 1
2.69069e+17 50.2587 150.996 20 49.4276 591.556 409785 0.604473 1
3.48478e+17 41.852 179.187 9 65.4943 611.737 837959 0.563431 1
3.84274e+17 53.6568 218.822 31 84.666 601.143 1.76131e+06 0.612265 1
5.36268e+17 52.0975 159.958 10 56.4785 676.97 2.29849e+06 1.21261 1
2.87722e+17 42.1095 258.812 6 84.2705 612.499 645016 0.564341 1
3.55127e+17 45.8971 304.333 7 86.5169 595.963 968195 0.631669 1
4.11794e+17 54.5355 235.851 22 76.6607 612.713 1.63946e+06 0.554326 1
1.16372e+18 43.8757 339.92 7 75.4479 651.387 1.18e+07 1.57246 1
2.85114e+17 32.4471 284.061 16 86.1167 591.654 673522 0.570253 1
4.86268e+17 24.1195 304.976 5 73.7158 692.053 1.59499e+06 0.882762 1
4.59763e+17 49.6387 292.663 8 79.8505 621.299 1.97709e+06 0.73577 1
4.97386e+17 46.4479 249.187 7 81.544 661.508 1.99414e+06 1.08868 1
2.853e+17 45.6604 266.515 5 80.5309 631.404 607934 0.507612 1
1.00466e+18 36.6481 198.707 11 72.1518 701.148 6.99799e+06 1.65274 1
7.8344e+17 48.8609 192.751 13 76.5976 671.639 6.85641e+06 1.33813 1
6.87153e+17 53.3698 306.54 7 81.1124 653.123 5.35089e+06 1.23676 1
4.05313e+17 30.6923 149.065 7 45.6774 633.448 1.04409e+06 0.81351 1
8.4292e+17 51.7964 159.412 33 56.4415 652.065 4.50864e+06 1.24109 1
3.00308e+17 33.9012 186.566 6 65.6305 618.9 510959 0.570761 1
7.11669e+17 47.5918 314.095 6 88.9304 596.05 4.37603e+06 1.23657 1
2.22303e+18 53.9705 123.563 5 29.0862 663.667 1.28936e+07 3.05003 1
3.86503e+17 49.399 148.183 6 46.8098 636.97 711598 0.671859 1
6.55007e+17 41.0444 276.455 8 85.5764 641.552 3.36393e+06 1.16227 1
1.00947e+18 43.5691 16.752 5 52.5301 646.998 6.82789e+06 1.65888 1
5.11299e+17 45.7576 272.871 6 80.1793 631.258 2.20914e+06 0.976482 1
2.02496e+18 48.8706 340.516 8 77.495 631.284 3.94751e+07 2.64102 1
3.5267e+17 51.7137 301.715 8 80.5137 610.959 851008 0.617139 1
2.96924e+17 50.4889 231.517 13 83.0141 632.938 806491 0.591204 1
2.55486e+17 31.2349 199.854 6 69.5202 601.049 538614 0.463586 1
3.69503e+17 52.3879 270.779 30 72.9144 582.197 1.05974e+06 0.729596 1
2.22276e+17 42.9878 193.383 14 74.3443 621.882 380917 0.432767 1
4.33304e+17 44.3086 215.146 15 85.5089 616.887 1.81566e+06 0.851733 1
4.47767e+17 48.7366 6.4474 6 61.1703 629.817 1.48735e+06 0.743977 1
2.35514e+17 44.2999 228.423 14 88.5959 597.555 497264 0.503025 1
2.53728e+18 22.7658 190.932 5 61.7081 646.146 3.91874e+07 3.63688 1
1.56795e+17 44.1875 226.365 16 89.3424 636.28 193356 0.346912 1
3.53334e+17 52.032 264.652 30 73.7395 676.572 951058 0.607052 1
2.84989e+17 48.8663 247.251 9 79.6302 631.622 626993 0.434088 1
9.38942e+17 48.8888 167.344 6 60.634 612.005 7.07807e+06 1.48126 1
2.66804e+17 43.6546 237.748 10 86.7509 591.374 642553 0.586966 1
5.53811e+17 47.5659 254.843 8 79.3799 596.312 2.87378e+06 1.01677 1
2.04809e+17 48.9352 257.844 8 76.8964 593.517 384220 0.318849 1
3.33308e+17 45.7054 323.237 7 85.8632 652.047 808761 0.760893 1
2.02403e+17 30.8366 196.898 6 69.0692 653.39 205959 0.384839 1
8.67633e+17 34.7755 323.879 9 76.8551 645.709 6.26435e+06 1.49396 1
2.30929e+17 20.7613 342.296 7 62.1047 581.775 302589 0.456716 1
2.78774e+17 51.7752 12.385 18 58.4573 611.754 599427 0.656227 1
2.39462e+17 47.6138 255.331 25 78.699 656.876 448396 0.565661 1
5.59441e+17 52.1106 212.477 31 89.512 656.775 2.91791e+06 0.968159 1
2.10267e+17 45.7822 224.637 19 88.5377 615.084 397967 0.316391 1
7.52904e+17 23.8176 187.42 5 61.5318 631.601 3.30463e+06 1.34999 1
2.42901e+17 50.4905 243.234 5 78.5856 612.044 640303 0.408429 1
1.14385e+18 33.6882 38.793 8 38.4227 656.34 5.35437e+06 1.10842 1
5.61463e+17 44.6517 246.508 26 83.1671 661.489 2.44623e+06 0.916686 1
1.01313e+18 53.0982 226.924 9 82.0316 651.083 1.01079e+07 1.44407 1
4.45583e+17 53.5861 283.726 10 74.0496 616.669 1.82232e+06 0.734059 1
2.46454e+17 49.6778 269.313 22 75.8949 602.887 447499 0.449594 1
3.38285e+17 49.8407 257.585 9 77.5817 586.255 895293 0.589303 1
4.69697e+17 48.9678 347.968 8 73.4144 612.114 2.2277e+06 0.844735 1
2.31663e+18 39.27 328.329 5 78.3424 726.136 4.16987e+07 1.17021 1
9.79478e+17 35.5511 245.853 6 88.0597 631.397 7.97334e+06 1.36089 1
7.16284e+17 46.9318 21.613 5 50.0625 606.919 2.92795e+06 0.99434 1
1.63338e+17 22.3792 237.472 9 73.8564 625.674 183488 0.37656 1
6.33009e+17 44.4912 259.18 5 82.0777 618.577 3.44893e+06 1.04771 1
5.56668e+17 46.1732 247.059 10 82.3729 581.687 3.14877e+06 1.08463 1
3.56683e+17 51.123 169.751 25 63.3391 622.18 911499 0.579806 1
4.84309e+17 51.4071 279.348 11 75.6193 626.314 1.95806e+06 0.891368 1
3.8679e+17 46.6694 299.557 7 84.5923 603.689 1.31726e+06 0.792023 1
2.10046e+17 48.4581 215.684 18 89.4343 687.483 322192 0.462922 1
4.78388e+17 51.3567 252.228 9 75.7578 644.57 2.26406e+06 0.889891 1
2.66979e+17 52.2122 310.767 26 83.1751 618.021 550453 0.605798 1
4.98048e+17 53.1535 222.81 5 84.1877 610.98 2.56092e+06 0.792887 1
2.4903e+17 45.3668 163.725 19 56.4476 628.594 334264 0.450042 1
5.28902e+17 50.995 161.658 9 56.8983 601.051 1.9607e+06 1.11676 1
1.6315e+18 29.7571 345.668 6 64.7416 627.197 2.13543e+07 2.56567 1
9.45428e+17 52.9719 349.006 14 76.1729 630.554 1.00542e+07 1.20564 1
6.90336e+17 52.2375 293.515 29 77.0674 701.598 3.39759e+06 1.05222 1
2.11206e+17 40.0385 291.464 12 87.6578 613.256 315591 0.554998 1
1.98074e+17 48.2184 230.395 22 84.4164 623.865 274340 0.520069 1
2.93161e+17 44.4126 303.417 8 87.323 581.564 721570 0.602798 1
3.0116e+17 51.0037 212.228 7 89.0646 621.107 808660 0.500426 1
8.65145e+17 51.6389 33.189 6 43.0959 647.765 4.23201e+06 1.32463 1
4.6433e+17 54.2611 43.395 17 35.4888 648.497 842095 0.922139 1
2.8756e+17 48.209 269.548 21 77.0701 605.234 537794 0.690774 1
3.03427e+17 52.7793 308.873 18 82.1407 606.744 619551 0.432789 1
2.58027e+17 47.4354 2.9742 15 63.2237 695.774 410318 0.676483 1
4.0476e+17 48.4633 212.937 21 87.8618 627.092 1.42791e+06 0.7438 1
4.01907e+17 46.0484 216.517 24 87.9203 636.707 1.15945e+06 0.860086 1
3.2628e+17 43.0373 214.406 7 84.2625 621.994 1.00715e+06 0.713849 1
5.34164e+17 49.2372 62.595 6 19.7107 596.941 393919 0.996255 1
1.11219e+17 28.242 265.525 8 82.9677 637.578 80780.4 0.335747 1
3.48051e+17 43.1678 300.55 5 87.9866 606.098 928116 0.674591 1
7.64436e+17 49.0563 178.888 7 68.0776 633.974 4.73565e+06 1.06022 1
3.13074e+17 39.9568 276.993 5 86.7811 592.656 818108 0.683221 1
1.24876e+18 46.738 20.71 8 50.6701 666.051 9.49742e+06 1.66697 1
2.08111e+17 44.0466 214.254 17 85.9104 542.155 330187 0.568668 1
2.61145e+17 41.8274 224.042 8 87.8417 592.086 595698 0.510251 1
5.39743e+17 48.2212 253.501 6 78.8674 642.544 2.56551e+06 1.01851 1
5.9693e+17 47.2761 42.297 5 35.2939 631.164 990592 1.08016 1
6.17397e+17 51.804 321.368 7 89.0462 611.245 3.82163e+06 1.17872 1
4.53545e+17 38.4597 231.582 6 86.5067 616.774 1.53625e+06 0.764008 1
2.8967e+17 45.7496 292.05 23 82.6072 596.024 681794 0.707741 1
1.02218e+18 46.7997 230.744 7 86.6377 666.243 8.54027e+06 1.58257 1
1.63494e+17 34.1407 236.538 9 84.9544 640.557 196286 0.504107 1
1.87252e+18 42.692 310.92 10 88.1355 657.43 2.96507e+07 2.55711 1
3.82425e+17 50.0277 332.231 5 84.0365 606.878 1.40812e+06 0.850606 1
2.42945e+17 50.2136 269.431 14 76.1556 591.291 462982 0.370375 1
3.73108e+17 52.7659 249.074 20 75.5811 606.625 1.30525e+06 0.686288 1
1.90889e+18 37.736 176.815 5 61.9752 667.734 3.58388e+07 1.89966 1
4.56159e+17 40.1459 318.154 7 83.6328 615.586 1.8883e+06 0.905239 1
3.50773e+17 46.4501 214.012 8 86.4519 602.086 1.23644e+06 0.607516 1
3.68785e+17 48.1443 267.705 11 77.5735 602.741 1.00995e+06 0.767522 1
2.56064e+17 53.1351 293.2 22 76.6705 631.198 613945 0.48487 1
4.41087e+17 42.5447 152.258 6 48.2866 636.731 872030 0.777174 1
3.09228e+17 48.4926 24.575 15 47.9217 587.892 528684 0.702402 1
8.79748e+17 45.5114 29.154 7 44.4369 670.98 3.6273e+06 1.39059 1
1.04129e+18 45.2519 262.279 7 79.5498 647.123 8.03749e+06 1.79426 1
1.85016e+17 41.3805 292.18 8 87.0168 625.978 241749 0.385784 1
5.44565e+17 48.4712 251.857 8 78.4663 607.262 2.71494e+06 0.887722 1
4.26759e+17 49.465 179.083 20 68.6633 660.599 1.30447e+06 0.576381 1
3.133e+18 20.561 181.025 8 57.1698 655.679 7.07624e+07 4.26824 1
3.59061e+17 52.0169 177.596 23 69.2578 596.498 1.43318e+06 0.87443 1
2.87958e+17 47.9752 310.139 7 85.9915 681.463 426692 0.61482 1
1.29689e+18 52.1089 58.268 5 23.265 635.791 3.26424e+06 2.12479 1
4.84529e+17 42.4061 288.22 7 85.6219 616.018 1.89383e+06 0.765242 1
7.13989e+17 50.7392 199.928 5 82.8044 635.908 7.53722e+06 1.11819 1
7.68598e+17 43.4035 301.544 8 87.8838 606.677 5.7054e+06 1.43404 1
4.87642e+17 28.1731 346.543 6 63.493 636.394 1.34456e+06 0.929983 1
4.86725e+17 54.5172 38.787 16 39.009 612.53 1.16489e+06 0.778674 1
2.33887e+17 45.3879 231.598 20 86.1555 628.89 441887 1.05106 1
1.99765e+17 41.2338 216.496 9 84.2211 605.919 369751 0.287545 1
1.32885e+17 27.8567 249.274 10 81.3705 636.297 112039 0.32112 1
3.83685e+17 47.1371 229.747 24 85.7385 650.752 1.18617e+06 0.833406 1
4.56269e+17 44.4387 182.095 5 68.338 636.716 1.46173e+06 0.742856 1
3.12467e+17 46.653 193.735 13 75.9641 623.601 874550 0.639047 1
1.27213e+18 43.4223 34.644 6 40.5066 646.544 6.81594e+06 1.71776 1
3.4257e+17 42.494 271.344 7 83.8523 636.413 1.08501e+06 0.60296 1
2.71226e+17 48.5376 269.835 6 77.2302 587.107 655788 0.566278 1
1.44435e+18 35.6111 292.23 8 87.0209 651.422 1.68422e+07 2.19786 1
2.35289e+17 40.7598 235.878 9 89.5856 581.908 467387 0.559118 1
5.2594e+17 44.2407 216.433 7 86.0757 635.84 2.4702e+06 0.983509 1
3.19207e+17 18.8426 273.15 6 73.1608 611.222 686674 0.162566 1
2.3956e+17 22.9288 137.041 8 42.5336 627.91 187399 0.508831 1
1.04447e+18 42.3209 261.242 11 84.0382 616.498 1.10235e+07 1.86197 1
8.57221e+17 43.6512 258.877 7 82.8039 611.315 7.82731e+06 1.34206 1
6.00337e+17 39.879 261.415 6 86.1741 650.081 2.43502e+06 1.07034 1
1.42123e+18 40.5703 170.577 6 58.6061 676.226 9.96453e+06 2.11027 1
3.59559e+17 51.9549 250.247 28 75.2399 596.169 962108 0.660291 1
5.41244e+17 52.3159 307.548 9 82.4538 680.974 2.55554e+06 1.03907 1
4.9355e+17 48.9813 192.205 6 76.5922 611.602 2.03623e+06 0.782585 1
7.04805e+17 42.3281 262.496 5 83.8188 634.67 4.44002e+06 1.1126 1
9.72496e+17 43.0209 228.994 8 89.9004 622.1 9.42623e+06 1.66045 1
6.70769e+17 50.8224 232.878 9 81.9332 636.256 3.88919e+06 1.0369 1
1.46402e+18 46.4306 264.494 9 79.8558 661.379 2.0189e+07 1.70417 1
4.95834e+17 45.0625 202.919 7 80.0062 625.316 2.32367e+06 0.685501 1
4.99493e+17 52.3289 320.111 7 88.0432 598.277 2.40204e+06 0.913621 1
9.69186e+17 31.2206 203.918 6 72.2555 638.177 7.45997e+06 1.69363 1
3.31379e+17 52.9139 264.538 9 72.8367 690.911 822380 0.580846 1
8.0349e+17 37.043 249.924 6 89.6078 642.397 5.45903e+06 1.28772 1
1.32951e+17 41.0786 252.508 10 85.9476 586.115 142702 0.335563 1
7.93654e+17 37.142 314.112 5 82.2856 663.667 3.09476e+06 1.34286 1
8.01968e+17 46.6841 311.096 8 88.164 605.182 6.19398e+06 1.44461 1
3.26622e+17 46.2624 186.605 21 71.8232 681.241 670667 0.674822 1
4.23347e+17 46.5707 7.0751 5 59.9624 584.781 1.4132e+06 0.80592 1
6.76322e+17 49.8307 346.218 6 75.1123 685.928 3.97077e+06 0.824357 1
4.58363e+17 48.5393 303.027 6 84.0602 646.54 1.7985e+06 0.794744 1
1.69083e+17 26.821 245.208 10 79.9964 611.64 252676 0.41783 1
1.46288e+18 49.1718 196.357 14 79.272 636.118 2.23306e+07 1.98674 1
9.12837e+17 35.7945 135.88 11 37.7587 633.105 3.46204e+06 1.52663 1
1.97341e+18 53.7807 196.689 6 82.1344 681.484 4.41552e+07 2.58401 1
1.89765e+18 41.5304 191.341 7 71.6374 686.722 2.29088e+07 3.09243 1
4.73205e+17 43.8574 164.626 5 56.0776 631.365 1.2472e+06 0.915031 1
2.11587e+18 37.5354 358.813 6 61.6305 667.775 1.36036e+08 2.90373 1
8.08414e+17 25.0817 113.052 7 33.2017 621.283 1.94017e+06 0.578597 1
2.83716e+17 41.4693 181.072 8 66.4214 589.919 533742 0.430758 1
1.43597e+18 40.8056 137.208 5 37.9072 659.158 7.39332e+06 2.26806 1
2.21666e+17 46.2794 206.063 15 83.0032 660.662 393774 0.453748 1
6.8348e+17 47.6898 205.907 10 83.2039 656.376 4.42192e+06 1.25295 1
3.70471e+17 51.3418 190.347 29 77.1321 646.01 1.17249e+06 0.719296 1
5.83803e+17 46.7554 192.814 11 75.1535 606.707 2.9359e+06 0.83422 1
6.75373e+17 53.4371 220.169 5 85.124 635.915 4.90605e+06 0.994873 1
1.65974e+18 53.8149 209.093 10 89.1065 661.749 2.75393e+07 2.35955 1
7.05661e+17 47.5218 31.5 6 43.4118 614.863 2.35299e+06 0.720411 1
1.69206e+17 46.0774 252.922 20 80.5333 598.086 217484 0.243668 1
2.8821e+17 43.7757 262.43 5 82.7361 611.561 659292 0.63925 1
3.06149e+17 48.7358 273.74 6 77.7771 591.423 740927 0.525796 1
3.03576e+17 52.3306 228.248 26 81.6611 581.53 750955 0.760346 1
2.76393e+17 43.2379 259.022 19 82.6467 666.347 527088 0.669779 1
4.65166e+17 52.8107 331.201 9 85.8932 606.004 2.40254e+06 0.667773 1
4.61052e+17 45.6004 6.3209 8 59.7864 611.836 1.34068e+06 0.785132 1
5.75144e+17 54.9153 276.159 13 71.6856 598.609 3.17916e+06 0.923075 1
4.45187e+18 53.6046 330.644 13 86.7298 680.306 2.01428e+08 5.5307 1
4.19804e+17 43.9157 257.611 5 82.8103 651.9 1.55947e+06 0.719559 1
3.99973e+17 48.5102 176.761 31 66.8428 588.676 1.30931e+06 0.73149 1
2.88584e+17 51.4975 310.892 5 84.6831 587.224 1.08405e+06 0.55166 1
3.59671e+17 53.2825 211.421 10 89.4554 576.191 1.27954e+06 0.593398 1
1.1518e+18 41.9714 229.914 7 89.2178 650.895 1.07135e+07 1.87433 1
1.99022e+17 20.4433 189.438 5 60.869 599.695 218609 0.257363 1
2.82638e+17 40.8116 206.828 16 79.2593 621.059 562761 0.677712 1
2.94511e+17 37.9088 16.429 6 52.5206 671.753 443232 0.461599 1
2.87717e+17 53.6671 256.985 29 72.5109 620.994 577907 0.642006 1
4.27502e+17 53.2432 241.028 22 76.1414 653.431 1.14337e+06 0.705045 1
2.64936e+17 47.5328 14.684 11 55.1899 636.074 383089 0.372099 1
3.04338e+17 42.692 252.481 5 84.7988 600.746 698133 0.753591 1
2.3862e+17 41.7292 189.007 10 70.9523 628.575 471412 0.452744 1
3.26614e+17 23.257 247.535 7 76.7475 631.057 567701 0.519219 1
2.20469e+17 45.104 31.129 5 43.3299 666.454 182855 0.378946 1
3.86787e+17 32.7076 215.29 5 76.7839 647.16 1.28246e+06 0.714586 1
4.12232e+17 52.8454 268.278 6 73.246 667.289 1.39953e+06 0.831349 1
4.54687e+17 35.2717 225.366 5 82.0328 686.478 1.27256e+06 0.857887 1
1.54961e+18 41.0088 303.544 5 89.9529 722.108 1.40957e+07 1.98335 0
7.99267e+17 47.9999 20.302 7 51.1735 681.155 4.28691e+06 1.0121 0
5.76882e+17 52.0915 252.634 8 75.436 676.586 2.95678e+06 0.786053 0
8.18117e+17 49.052 227.238 8 85.5532 786.129 5.56748e+06 1.32224 0
5.26806e+17 48.4671 335.087 8 80.6801 687.084 2.47604e+06 0.753167 0
9.11067e+17 41.4961 3.9628 5 60.4905 707.196 5.57875e+06 1.22287 0
4.16782e+17 52.7037 16.52 5 55.634 754.223 1.31767e+06 0.310382 0
3.79078e+17 44.6878 264.855 5 81.2306 745.265 1.51704e+06 0.334877 0
5.61512e+17 41.3601 191.073 6 71.4096 685.454 3.28942e+06 0.677528 0
1.84816e+18 44.0406 140.795 8 40.3224 736.878 1.29572e+07 1.87301 0
2.16314e+17 44.845 245.315 17 83.0735 662.11 474872 0.173153 0
4.48555e+17 53.229 314.714 6 85.7893 717.141 1.7903e+06 0.444244 0
5.71259e+17 42.2455 231.686 7 89.5017 695.437 2.81794e+06 0.751769 0
3.30428e+17 47.4693 179.224 16 68.4771 675.475 1.03365e+06 0.355801 0
3.71746e+17 48.7448 264.883 8 77.4957 670.068 1.22475e+06 0.29818 0
2.25115e+18 50.026 244.811 8 78.0206 755.469 4.39483e+07 2.09855 0
3.71767e+17 43.5849 218.937 5 87.1436 688.043 1.45729e+06 0.634238 0
4.29525e+17 43.6135 250.692 5 83.1248 667.017 1.90623e+06 0.46422 0
1.89778e+18 7.49434 202.12 5 57.4797 733.211 1.68219e+07 1.80351 0
7.72399e+17 54.471 300.677 27 77.8614 695.942 6.45502e+06 1.01459 0
4.12216e+17 44.7395 284.766 5 82.8269 767.571 2.04045e+06 0.437558 0
3.43545e+17 45.8871 257.666 6 80.3345 717.082 1.02452e+06 0.471374 0
4.74424e+17 50.4982 348.459 5 73.8356 672.88 2.17957e+06 0.494055 0
9.53097e+17 40.3638 251.377 7 86.8926 695.532 7.74078e+06 1.08199 0
4.28817e+17 48.4992 275.516 6 77.8343 666.835 1.82818e+06 0.330199 0
6.57493e+17 41.2316 213.155 6 83.0329 685.385 2.31205e+06 0.602199 0
3.98524e+17 47.4746 278.655 8 78.7173 696.08 1.78064e+06 0.472446 0
2.22747e+17 44.5788 279.801 10 81.3235 641.059 328769 0.214705 0
6.81586e+17 52.2397 289.103 11 76.5056 722.648 4.79146e+06 0.688409 0
1.95663e+17 28.6217 28.513 6 44.802 679.111 185345 0.260639 0
6.22509e+17 47.5 197.195 5 79.4493 761.383 2.9008e+06 0.467653 0
5.48328e+17 49.9186 346.271 5 75.1619 666.825 3.00337e+06 0.696178 0
2.40406e+18 49.5034 215.869 11 89.7737 701.845 5.71447e+07 2.95226 0
2.66883e+17 54.1588 175.142 20 68.7492 830.719 724133 0.216154 0
3.30072e+17 32.1358 318.736 15 77.1851 663.744 955195 0.404372 0
2.55795e+17 50.9883 223.756 17 84.9001 726.168 607839 0.427689 0
4.52297e+17 54.1131 255.49 10 72.8337 666.764 2.13951e+06 0.524768 0
2.93371e+17 46.6748 259.127 5 80.1602 706.278 761354 0.589369 0
5.98119e+17 45.5146 239.36 12 83.8309 711.988 3.72033e+06 0.686112 0
4.40165e+17 51.1609 291.803 5 78.2607 750.865 2.27757e+06 0.526421 0
7.95042e+17 49.3465 279.202 6 76.8234 765.998 5.80596e+06 0.788076 0
2.18481e+17 46.884 210.208 6 85.3297 707.855 459465 0.294814 0
5.30812e+17 52.5274 154.539 21 52.8943 663.462 2.05136e+06 0.656763 0
9.03958e+17 53.5304 253.747 9 73.1709 768.1 7.76012e+06 0.975873 0
1.18134e+18 47.7967 3.0499 6 62.8582 720.982 1.19418e+07 1.45122 0
4.25096e+17 54.2891 254.316 25 72.253 784.786 2.32083e+06 0.243513 0
2.63134e+17 48.2827 190.073 22 75.5281 686.494 663380 0.405468 0
8.92058e+17 53.0282 183.936 6 73.6854 712.495 8.13739e+06 1.1915 0
1.83832e+17 49.7029 334.632 16 82.1446 727.979 279826 0.262395 0
1.84188e+17 32.4586 357.442 7 60.9484 706.578 443571 0.379308 0
1.97495e+17 43.4919 278.249 8 82.2634 647.203 214476 0.484001 0
1.60245e+18 49.2105 292.812 6 80.4976 696.891 2.67349e+07 1.73533 0
3.15281e+17 53.6861 230.572 24 79.517 703.695 1.0691e+06 0.247035 0
6.80537e+17 49.2981 247.122 10 79.0447 677.899 5.26911e+06 0.618573 0
2.84915e+17 45.8519 330.408 14 82.1627 676.455 738038 0.341733 0
4.722e+17 51.7712 172.345 24 65.7104 716.026 1.92967e+06 0.5735 0
5.81314e+17 45.4951 347.15 5 72.3136 732.496 3.29283e+06 0.672115 0
1.24251e+18 50.8837 325.527 8 87.782 678.617 1.74701e+07 1.32312 0
1.77711e+18 41.0846 301.145 7 89.7631 722.849 1.60101e+07 1.0869 0
3.95283e+17 42.891 327.516 6 81.2849 701.891 1.75693e+06 0.367937 0
5.53216e+17 54.359 244.242 16 74.5939 671.482 3.2414e+06 0.435792 0
6.2317e+17 52.605 338.466 6 81.5603 705.718 4.80444e+06 0.765223 0
8.01345e+17 45.9084 9.034 7 58.3467 696.556 4.25336e+06 0.948412 0
1.85164e+17 30.8751 298.984 7 81.9134 636.293 332158 0.291828 0
6.71863e+17 48.7099 177.826 7 67.251 711.545 4.22628e+06 0.919405 0
7.74809e+17 35.5772 296.785 5 86.1911 711.369 5.09195e+06 0.950793 0
7.70308e+17 48.7459 220.152 8 88.3527 691.564 7.07402e+06 0.785445 0
8.86768e+17 52.7154 228.915 9 81.87 730.907 7.10524e+06 1.25367 0
4.41584e+17 42.3126 240.554 13 86.4796 716.188 1.60743e+06 0.420106 0
4.7238e+17 54.1496 257.006 7 72.748 756.175 2.22101e+06 0.443945 0
6.05414e+17 52.4403 134.623 20 37.7684 726.531 1.64802e+06 0.777472 0
6.58606e+17 49.6202 216.993 7 89.4032 771.113 4.2918e+06 0.755975 0
1.96864e+17 44.2247 229.486 11 87.7373 676.385 196427 0.373995 0
5.7902e+17 53.9038 258.212 25 71.8852 686.4 2.71198e+06 0.659665 0
3.26655e+17 48.9456 305.35 7 84.3652 672.951 1.07405e+06 0.411391 0
1.40319e+17 21.2858 241.276 6 74.3472 677.426 132004 0.188355 0
3.50676e+17 46.2183 334.062 5 79.9829 656.959 1.30823e+06 0.367307 0
9.4006e+17 53.5649 240.203 7 76.4368 791.835 8.87255e+06 1.06261 0
7.20001e+17 52.1774 146.858 8 46.7778 677.651 3.13523e+06 0.974099 0
2.21571e+17 50.3943 216.893 20 88.0959 694.498 520871 0.372882 0
7.27868e+17 51.0674 161.529 29 57.5362 796.454 4.98991e+06 0.411775 0
2.4907e+18 36.5741 271.905 5 89.7537 700.025 3.82131e+07 2.96343 0
2.96308e+17 46.1439 347.457 11 72.1147 679.533 786309 0.369939 0
1.10636e+18 32.216 238.156 5 83.075 702.821 1.03607e+07 1.22848 0
1.92542e+17 30.8727 233.508 12 81.538 675.925 278201 0.342613 0
1.15059e+18 44.9248 240.617 11 84.6633 683.867 1.37803e+07 1.00981 0
3.4848e+17 53.4517 264.574 21 72.4937 700.211 1.40405e+06 0.397194 0
3.60076e+17 53.3242 278.433 7 73.1897 741.39 1.40495e+06 0.262171 0
9.04859e+17 42.6897 174.54 6 62.3981 811.058 3.49316e+06 1.03131 0
3.1451e+17 54.5863 245.347 7 74.3528 652.878 960483 0.367249 0
7.59156e+17 53.5875 318.433 11 85.9464 637.958 7.17614e+06 0.802768 0
6.86626e+17 51.2534 278.481 9 74.8114 776.299 4.59478e+06 0.715193 0
3.13949e+17 51.9841 253.132 7 74.8491 676.33 912994 0.624342 0
2.48095e+17 45.0243 245.37 5 83.8239 663.694 583753 0.285464 0
3.688e+17 30.6509 77.103 5 25.2514 712.43 279064 0.417481 0
7.29419e+17 38.0802 288.723 5 89.9719 672.026 5.67027e+06 0.698798 0
6.46131e+17 51.7969 289.52 10 76.9282 716.323 4.84421e+06 0.517097 0
8.83634e+17 41.7198 259.329 8 84.7288 667.446 7.07246e+06 1.18759 0
3.77612e+18 39.8933 78.355 6 15.596 711.425 1.06346e+07 2.70317 0
2.77221e+17 53.653 234.315 30 78.3314 660.97 857336 0.256019 0
4.28582e+17 44.7185 306.787 5 88.7451 681.633 1.56686e+06 0.666386 0
3.43812e+17 45.9131 204.532 8 81.5212 633.644 1.1836e+06 0.664747 0
4.52606e+17 53.2015 339.793 8 81.3465 652.099 2.64948e+06 0.200956 0
2.63743e+17 47.355 314.512 5 89.9599 632.034 729366 0.507918 0
1.86518e+17 39.9128 305.502 9 87.7523 691.363 296756 0.423845 0
2.30902e+17 53.2084 325.402 19 89.6795 696.206 586254 0.620694 0
4.61344e+17 40.7504 38.919 9 37.9284 680.324 633293 0.719015 0
4.6851e+17 46.6812 324.248 7 84.6937 706.475 1.25718e+06 0.675573 0
6.08335e+17 52.826 185.271 7 74.5794 732.009 3.43015e+06 0.574496 0
3.5542e+17 44.3906 359.498 5 64.1852 720.312 1.40828e+06 0.399718 0
4.6906e+17 48.1158 145.19 8 44.535 771.614 984991 0.70534 0
3.17883e+17 51.1407 277.048 5 74.7617 706.274 1.01597e+06 0.53591 0
2.17648e+17 50.3889 250.235 22 76.8418 761.358 369382 0.423199 0
5.11695e+17 52.7122 321.757 5 88.911 730.925 2.76424e+06 0.619067 0
2.94274e+17 45.7247 298.711 5 85.1492 671.984 910949 0.480847 0
2.57993e+17 42.1069 272.557 6 84.3891 672.057 542581 0.309662 0
8.24384e+17 46.5425 223.392 10 89.152 747.821 5.6698e+06 1.16729 0
5.17774e+17 47.8362 357.499 6 66.6571 700.595 2.41932e+06 0.568983 0
5.701e+17 53.5676 217.901 10 85.9643 746.173 3.70605e+06 0.628894 0
1.68739e+18 49.033 35.507 6 39.9928 717.043 1.37131e+07 1.89255 0
2.8816e+17 52.0113 212.889 27 89.0543 721.071 621157 0.536915 0
9.45255e+17 49.0955 355.084 8 69.4008 741.229 9.57177e+06 0.554733 0
7.59021e+17 50.6696 252.789 6 76.6695 719.147 5.60011e+06 0.971419 0
2.757e+18 35.2048 324.917 6 77.1201 730.511 4.06863e+07 0.323825 0
4.42878e+17 41.1449 283.393 5 85.7282 681.727 1.85426e+06 0.581592 0
1.80482e+18 49.5867 311.857 15 86.5858 726.273 3.11419e+07 2.0713 0
9.87504e+17 45.5938 47.633 6 31.2127 756.36 2.69698e+06 1.05812 0
2.49649e+17 33.3488 257.338 7 87.88 736.141 539231 0.211817 0
6.67859e+17 42.4807 308.759 5 88.8046 676.383 3.96596e+06 0.922966 0
1.07513e+18 48.8293 211.418 8 87.7872 692.062 1.32988e+07 0.88949 0
4.84804e+17 46.6087 359.562 5 64.8316 726.99 1.73281e+06 0.847032 0
7.84509e+17 46.8205 270.298 9 79.3175 730.278 7.09388e+06 0.540362 0
2.53866e+17 44.6537 250.213 20 82.4689 681.903 571383 0.530016 0
3.10417e+17 53.4104 347.232 30 76.7817 636.505 983536 0.430076 0
1.5962e+18 34.3106 239.194 6 85.1331 741.975 1.75161e+07 1.86477 0
8.28654e+17 38.6976 274.384 7 87.1253 677.704 4.85014e+06 1.3948 0
8.57566e+17 49.4842 315.273 8 87.9678 816.678 6.33994e+06 1.02543 0
2.83298e+17 42.3917 265.29 18 83.1871 617.173 758365 0.0741477 0
4.49734e+17 38.1303 201.615 5 74.8492 652.412 1.85415e+06 0.528153 0
5.95918e+17 44.8927 208.42 5 82.8593 771.346 2.36474e+06 0.5247 0
2.99081e+17 54.8953 278.611 27 71.2553 796.309 508880 0.530227 0
4.9971e+17 49.6135 212.569 9 88.0345 771.157 2.82889e+06 0.749058 0
3.41366e+17 54.2444 298.571 29 76.7327 760.789 912123 0.3317 0
5.08413e+17 54.6742 192.664 37 80.7687 721.348 2.48398e+06 0.762158 0
6.91807e+17 51.4442 230.356 8 81.8498 731.235 5.74965e+06 0.584434 0
2.66967e+17 49.3502 246.878 6 78.9631 678.017 770795 0.302497 0
2.54771e+17 47.6387 228.37 22 85.7532 657.24 568941 0.499935 0
3.69175e+17 48.5033 305.912 6 84.5803 687.449 1.39564e+06 0.597015 0
5.18379e+17 52.4091 187.033 10 76.4223 682.06 2.96386e+06 0.703455 0
3.8087e+17 51.9943 320.675 9 88.8398 676.077 1.64671e+06 0.258855 0
1.45908e+18 43.5816 286.665 10 83.79 710.43 1.93251e+07 1.57508 0
5.23345e+17 47.4234 271.298 5 78.1494 716.644 1.67986e+06 0.622937 0
7.14157e+17 51.5453 284.837 6 75.2052 711.731 4.99627e+06 0.852 0
5.69316e+17 37.714 295.426 6 88.7522 688.521 1.78234e+06 0.949212 0
3.43674e+17 50.7612 210.694 8 88.4059 700.484 1.1339e+06 0.451089 0
1.6571e+18 51.8033 182.94 14 73.4599 740.315 2.63706e+07 1.37954 0
8.76209e+17 53.1173 6.5393 9 63.0889 761.211 6.47172e+06 0.986076 0
8.39081e+17 50.5151 296.391 5 80.268 761.74 7.87198e+06 0.631043 0
7.05299e+17 41.2245 307.539 6 87.8082 683.412 3.40073e+06 0.555353 0
2.55061e+17 30.4651 151.304 5 47.0902 671.905 315285 0.272091 0
7.52141e+17 34.8809 298.387 5 84.904 726.238 9.06272e+06 1.02055 0
1.19473e+18 46.3606 53.069 6 27.4735 681.59 3.81608e+06 1.46942 0
4.78465e+17 53.0742 297.275 34 77.7162 716.399 2.36412e+06 0.605071 0
5.78655e+17 41.7733 227.133 6 88.578 710.93 2.56657e+06 0.75338 0
3.80791e+17 20.8713 300.281 5 71.4517 716.249 1.23459e+06 0.4399 0
3.25059e+17 44.9809 347.58 5 71.7008 748.779 1.07846e+06 0.363677 0
3.45799e+17 54.3964 223.994 33 81.8031 672.095 1.38805e+06 0.402772 0
5.58073e+17 35.7091 242.225 5 87.0566 651.211 3.09879e+06 0.876403 0
7.72792e+17 44.2077 152.915 6 49.0518 740.373 3.21314e+06 0.743309 0
1.33763e+18 48.9976 10.596 6 58.2577 738.119 1.29916e+07 0.908914 0
2.40207e+17 49.5703 293.729 14 79.8188 682.121 595272 0.360443 0
1.91015e+18 45.763 162.151 8 55.8558 716.459 2.15138e+07 2.06608 0
3.15723e+17 43.6214 182.8 16 68.0206 690.46 890697 0.377616 0
4.07494e+17 46.3245 175.886 8 64.7978 681.156 1.52089e+06 0.537662 0
3.39737e+17 44.2968 233.136 21 86.9502 677.112 1.19617e+06 0.286711 0
3.01457e+17 42.3046 230.939 8 89.96 696.265 581952 0.520155 0
1.98543e+17 27.4638 270.712 6 81.6476 671.139 227182 0.270319 0
2.31961e+17 41.4102 278.342 7 85.5852 686.196 529634 0.40989 0
6.86471e+17 54.1441 3.3374 5 65.7756 711.289 3.07949e+06 0.683286 0
2.2802e+17 42.9443 280.616 11 82.7861 703.314 400450 0.248033 0
4.80028e+17 43.1768 27.727 14 45.1266 685.85 1.05318e+06 0.651148 0
2.09956e+17 44.4084 246.384 12 82.9847 700.192 295643 0.271314 0
5.67556e+17 43.1829 347.964 24 70.6864 665.674 2.56979e+06 0.517764 0
8.67802e+17 48.8938 133.931 8 36.154 692.209 3.22011e+06 0.790253 0
6.06279e+17 49.3553 162.529 7 56.9688 701.373 3.57655e+06 0.614173 0
1.12324e+18 40.6112 342.768 5 71.3818 697.274 8.59598e+06 1.58778 0
5.88324e+17 50.6858 271.837 8 75.6715 720.92 3.88083e+06 0.48547 0
7.73262e+17 50.0174 146.562 6 45.7353 710.611 3.89381e+06 1.02978 0
1.0079e+18 49.2382 264.567 22 76.4317 744.541 9.64384e+06 1.0966 0
6.21988e+17 54.6989 265.399 12 71.4538 656.107 3.49587e+06 0.828565 0
8.31489e+17 46.9291 250.541 5 80.6619 752.779 5.85236e+06 0.938326 0
2.08251e+17 47.1886 239.98 18 81.9634 651.846 356277 0.259521 0
2.61985e+17 42.6816 276.565 19 83.0739 700.484 665964 0.326336 0
3.18137e+17 44.0923 301.515 18 86.8173 675.656 682456 0.455252 0
7.27511e+17 44.7704 248.35 7 83.2563 702.622 4.72291e+06 1.01199 0
6.33488e+17 45.8795 340.671 7 76.1451 738.15 3.6661e+06 0.737824 0
1.68633e+18 38.1976 40.043 7 37.0745 715.03 7.12106e+06 1.81736 0
2.69843e+17 41.0497 178.668 10 64.81 682.273 571725 0.479338 0
1.28137e+17 29.8176 318.397 8 75.6669 647.026 193204 0.137067 0
7.4626e+17 52.7579 173.704 7 66.3189 801.141 4.52654e+06 1.05252 0
3.57087e+17 44.4936 14.039 5 54.8521 741.904 908724 0.444767 0
6.59221e+17 39.1817 326.088 5 79.2673 725.694 3.5338e+06 0.877947 0
2.70228e+17 46.4014 16.039 10 54.2654 725.703 448378 0.456302 0
1.5348e+18 44.0543 359.053 8 64.2401 736.675 1.81976e+07 2.04704 0
2.13869e+17 48.5979 221.701 21 87.4886 690.989 425744 0.219643 0
5.20349e+17 51.7445 243.281 10 77.6339 716.063 2.77617e+06 0.529602 0
3.34166e+17 44.2343 292.954 25 84.4376 636.744 1.00487e+06 0.498508 0
3.98672e+17 46.6499 197.508 9 78.686 685.038 1.83011e+06 0.422507 0
9.87837e+17 54.5712 357.981 7 69.7169 787.656 8.64332e+06 1.01409 0
2.63788e+17 48.3994 340.284 6 78.2745 686.801 584841 0.327705 0
7.60244e+17 54.3891 218.33 5 85.1593 737.107 5.96688e+06 0.800622 0
3.66929e+17 47.0083 301.212 23 84.4641 711.236 1.1218e+06 0.376923 0
1.23439e+18 50.5202 0.812798 8 66.2087 717.07 1.414e+07 0.984705 0
4.7575e+17 43.035 159.174 6 52.7236 661.863 1.53495e+06 0.606029 0
1.3639e+18 49.0057 345.357 8 75.1046 785.844 1.43247e+07 1.73294 0
7.12391e+17 50.1161 181.006 5 69.9698 711.972 4.62353e+06 0.925839 0
3.115e+17 43.5735 194.789 8 75.5033 690.199 994313 0.432594 0
7.03284e+17 49.837 197.27 10 79.9244 686.607 5.6604e+06 0.782933 0
6.6119e+17 44.0822 295.396 5 85.4172 716.505 3.4155e+06 0.654015 0
4.66107e+17 53.2516 257.223 8 73.536 862.163 1.70652e+06 0.740393 0
1.86781e+17 21.4219 221.781 5 70.6291 697.322 287523 0.163902 0
2.38451e+17 42.6115 237.333 12 86.8452 700.504 255234 0.387437 0
2.9741e+17 40.5363 331.396 8 78.0529 616.587 703117 0.43729 0
5.37815e+17 52.0576 193.845 6 79.3394 720.904 3.09194e+06 0.470614 0
4.77374e+17 54.153 169.632 24 64.5897 711.261 2.28335e+06 0.550451 0
3.19193e+17 52.3207 250.145 7 76.0051 725.537 890888 0.611392 0
5.5982e+17 54.5105 29.711 23 45.8569 674.325 2.10618e+06 0.871591 0
4.43178e+17 41.0802 254.1 14 85.2577 682.343 1.59286e+06 0.680636 0
6.95848e+17 49.4425 214.027 24 89.0769 681.353 4.64724e+06 0.974736 0
4.06296e+17 49.7024 221.392 6 87.4706 682.454 1.68704e+06 0.440703 0
4.82309e+17 50.2094 175.197 7 66.2098 691.306 2.14355e+06 0.51004 0
2.54609e+17 53.2674 311.114 13 82.3353 676.334 440384 0.468751 0
3.33303e+17 20.5824 315.291 5 69.0025 656.481 766480 0.302403 0
9.01066e+17 46.5127 283.047 5 79.959 726.275 5.48614e+06 1.42232 0
4.36545e+17 53.1044 285.055 7 74.7828 692.671 2.09888e+06 0.63953 0
3.52642e+17 47.3349 324.489 5 86.0154 736.3 1.17776e+06 0.455789 0
2.19832e+17 51.3689 282.701 24 75.7105 688.077 446608 0.392997 0
2.9206e+17 44.3333 175.098 5 63.8794 677.104 890126 0.588894 0
3.02287e+17 47.6503 297.005 6 82.8085 676.663 982195 0.281873 0
2.70777e+17 16.0013 266.635 7 70.8555 696.428 400003 0.315801 0
2.45214e+17 28.702 268.607 11 83.3726 720.763 400774 0.42383 0
1.38618e+18 53.1974 273.899 8 72.6725 716.295 2.21614e+07 1.55619 0
1.91584e+17 41.5335 291.616 15 86.164 667.552 267573 0.186698 0
2.01601e+17 12.337 242.063 5 65.296 684.097 189428 0.110335 0
1.13568e+18 47.1478 231.088 7 85.7459 732.427 1.57289e+07 1.05303 0
2.64354e+17 43.0809 292.441 19 85.2945 643.335 647404 0.37616 0
3.9764e+17 47.72 271.253 8 78.3891 677.636 1.8178e+06 0.580906 0
1.1187e+18 48.1538 230.383 5 85.1694 726.53 1.33991e+07 1.09505 0
1.57367e+17 45.5412 257.961 6 81.1481 756.752 218400 0.22049 0
7.59902e+17 53.2607 44.049 5 35.0424 811.624 2.32693e+06 0.85106 0
2.83023e+17 24.7331 175.651 8 57.1076 716.162 485794 0.408235 0
4.94051e+17 40.5872 172.482 8 61.2286 810.213 1.18969e+06 0.525177 0
8.31017e+17 32.6043 155.486 5 48.7061 728.044 3.92171e+06 0.980121 0
2.95308e+17 48.8669 268.683 6 77.1878 760.619 813372 0.218314 0
1.49858e+18 52.9285 308.507 8 82.5016 711.936 2.23828e+07 1.5491 0
2.99491e+17 48.4661 236.847 8 82.6431 646.448 946756 0.371811 0
3.83047e+17 51.4392 256.377 27 75.0206 711.102 1.23338e+06 0.49348 0
5.07646e+17 45.9333 240.12 6 84.3318 676.066 2.75733e+06 0.537696 0
1.63977e+17 31.685 259.564 6 86.7617 721.94 225714 0.146826 0
4.93226e+17 46.4287 283.302 6 81.0737 841.14 1.54688e+06 0.41914 0
4.01744e+17 50.1814 217.688 7 89.0367 691.046 1.60736e+06 0.640166 0
4.81141e+17 47.3802 288.592 7 80.8857 672.498 2.68487e+06 0.292844 0
5.74781e+17 41.367 177.536 6 63.4345 706.564 2.3418e+06 0.895323 0
2.75936e+17 43.3211 291.712 6 85.4211 706.742 664580 0.343635 0
4.00869e+17 52.8316 315.57 33 85.3605 690.579 1.65004e+06 0.6168 0
7.18997e+17 48.8747 202.777 11 83.3005 738.002 5.39632e+06 0.701201 0
4.63641e+17 54.8342 310.244 24 81.6365 770.99 2.09503e+06 0.692644 0
6.11601e+17 40.6307 285.853 7 87.0041 676.377 3.24496e+06 1.07673 0
5.43687e+17 53.6524 187.282 7 76.1864 701.537 3.48664e+06 0.405993 0
3.57857e+17 12.8472 237.535 5 65.4592 685.848 840208 0.398117 0
5.43761e+17 46.2896 281.53 6 80.9355 767.617 2.70124e+06 0.587538 0
1.9911e+17 38.5128 250.679 7 87.6712 697.476 234432 0.27851 0
6.84133e+17 50.1485 275.901 28 75.6131 692.103 3.77178e+06 0.847214 0
8.42719e+17 49.7063 329.039 10 85.3501 682.872 6.93846e+06 1.0549 0
6.33076e+17 45.4855 187.453 17 72.187 631.437 3.35418e+06 0.684144 0
2.62113e+18 53.633 164.752 9 60.2631 746.272 6.99541e+07 2.21601 0
1.63809e+18 53.9123 229.911 39 79.7226 752.436 2.90516e+07 1.456 0
1.32756e+18 49.717 299.9 5 81.1066 751.175 1.71401e+07 1.30052 0
5.44406e+17 51.7637 323.953 9 89.8393 715.887 3.75223e+06 0.610055 0
3.10499e+17 45.6072 254.917 15 80.9679 611.94 676783 0.464673 0
1.44508e+17 43.2788 231.929 6 87.7848 707.206 214031 0.247792 0
3.04037e+17 45.0262 310.019 19 89.2391 686.619 761278 0.457415 0
1.87858e+17 24.4375 185.185 9 60.6548 654.548 235168 0.232878 0
4.82182e+17 52.1979 284.879 9 75.6435 657.016 2.70937e+06 0.402478 0
5.68345e+17 42.8522 150.594 5 47.0713 701.13 1.93319e+06 0.631871 0
2.97118e+17 44.8275 277.241 5 81.757 683.236 949477 0.384707 0
6.52419e+17 37.0065 16.956 9 51.0609 663.882 4.12825e+06 0.46638 0
7.44963e+17 54.0029 241.754 8 76.462 826.551 5.05367e+06 0.747465 0
2.29333e+17 45.9585 220.754 24 89.971 636.592 404540 0.313166 0
9.35661e+17 52.0625 188.659 10 76.1063 719.725 9.18863e+06 1.00627 0
1.15498e+18 42.6037 119.259 5 26.0649 786.044 2.57113e+06 1.27252 0
9.87799e+17 46.8685 178.941 5 67.5945 707.259 7.98823e+06 1.26461 0
2.20248e+18 29.0559 101.888 10 27.0484 702.04 1.33204e+07 2.07995 0
3.77716e+17 48.9427 253.131 25 78.0883 672.798 1.47951e+06 0.477241 0
1.91643e+17 41.9374 322.133 10 83.0419 631.147 368956 0.358954 0
5.282e+17 41.1463 249.238 5 85.9808 661.803 2.94944e+06 0.494061 0
4.28872e+17 43.7724 300.906 5 87.8848 671.443 1.6202e+06 0.60298 0
1.42942e+17 42.8996 224.289 8 88.0972 641.542 137712 0.367747 0
5.07817e+17 53.8899 316.249 37 84.8321 706.545 2.62681e+06 0.431449 0
2.12532e+17 43.0586 325.491 13 82.4017 705.154 495844 0.275195 0
1.2731e+18 34.4961 348.135 8 66.3063 745.937 1.40917e+07 1.10626 0
3.04786e+17 51.2819 223.124 6 84.8433 664.206 1.58393e+06 0.271536 0
6.91829e+17 50.1986 190.454 9 76.1599 691.466 4.83382e+06 0.657454 0
4.68935e+17 35.0964 5.7045 8 57.6786 667.11 2.02906e+06 0.518918 0
2.69069e+17 50.2587 150.996 18 49.3331 692.577 494458 0.449727 0
3.48478e+17 41.852 179.187 9 65.3931 670.467 888981 0.64116 0
3.84274e+17 53.6568 218.822 25 84.7323 747.609 1.653e+06 0.413985 0
5.36268e+17 52.0975 159.958 11 56.4061 766.553 2.33079e+06 0.624913 0
2.87722e+17 42.1095 258.812 6 84.2775 632.04 736965 0.3985 0
3.55127e+17 45.8971 304.333 6 86.5659 695.744 1.05223e+06 0.318838 0
4.11794e+17 54.5355 235.851 16 76.7111 741.447 1.65152e+06 0.358977 0
1.16372e+18 43.8757 339.92 7 75.4501 671.701 1.30451e+07 1.30756 0
2.85114e+17 32.4471 284.061 16 86.2135 646.509 872553 0.410941 0
4.86268e+17 24.1195 304.976 6 74.5924 616.115 2.40779e+06 0.848676 0
4.59763e+17 49.6387 292.663 8 79.8617 705.34 2.6691e+06 0.36802 0
4.97386e+17 46.4479 249.187 7 81.5891 621.648 2.5376e+06 0.631725 0
2.853e+17 45.6604 266.515 5 80.5397 671.791 904995 0.350215 0
1.00466e+18 36.6481 198.707 11 72.0276 766.212 6.03541e+06 1.15817 0
7.8344e+17 48.8609 192.751 13 76.5608 692.754 6.73808e+06 0.911925 0
6.87153e+17 53.3698 306.54 6 81.3476 765.289 4.91285e+06 0.722774 0
4.05313e+17 30.6923 149.065 5 45.6346 712.638 1.53323e+06 0.32874 0
8.4292e+17 51.7964 159.412 33 56.3535 672.888 5.2821e+06 0.828438 0
3.00308e+17 33.9012 186.566 5 66.0196 783.428 649793 0.341309 0
7.11669e+17 47.5918 314.095 6 88.9862 696.1 5.38692e+06 0.839176 0
2.22303e+18 53.9705 123.563 5 29.1514 902.082 1.30845e+07 2.30725 0
3.86503e+17 49.399 148.183 5 46.9142 701.41 754431 0.450766 0
6.55007e+17 41.0444 276.455 7 85.5821 721.862 2.56296e+06 0.810911 0
1.00947e+18 43.5691 16.752 5 52.5757 708.001 6.6328e+06 1.17185 0
5.11299e+17 45.7576 272.871 6 80.1434 781.096 2.62333e+06 0.451638 0
2.02496e+18 48.8706 340.516 6 77.558 735.886 4.55811e+07 1.88252 0
3.5267e+17 51.7137 301.715 7 80.6553 651.347 1.06892e+06 0.582102 0
2.96924e+17 50.4889 231.517 12 82.8599 653.329 948044 0.52462 0
2.55486e+17 31.2349 199.854 7 69.8389 656.891 588424 0.340387 0
3.69503e+17 52.3879 270.779 24 72.9293 796.445 937154 0.518077 0
2.22276e+17 42.9878 193.383 13 74.1979 702.438 389926 0.433925 0
4.33304e+17 44.3086 215.146 14 85.37 697.301 1.61342e+06 0.634077 0
4.47767e+17 48.7366 6.4474 6 61.0795 690.961 1.74644e+06 0.409822 0
2.35514e+17 44.2999 228.423 17 88.2652 656.32 571123 0.293278 0
2.53728e+18 22.7658 190.932 5 61.7399 683.342 4.83333e+07 3.0006 0
1.56795e+17 44.1875 226.365 15 89.2882 656.241 224656 0.348683 0
3.53334e+17 52.032 264.652 30 73.7795 720.818 1.36981e+06 0.134797 0
2.84989e+17 48.8663 247.251 8 79.7015 692.433 780135 0.401563 0
9.38942e+17 48.8888 167.344 5 60.5073 693.17 7.29934e+06 0.860233 0
2.66804e+17 43.6546 237.748 6 86.7762 755.954 441310 0.582186 0
5.53811e+17 47.5659 254.843 5 79.612 717.811 2.88144e+06 0.917829 0
2.04809e+17 48.9352 257.844 5 77.0553 695.436 493634 0.206098 0
3.33308e+17 45.7054 323.237 7 86.3434 653.048 1.09928e+06 0.476287 0
2.02403e+17 30.8366 196.898 6 68.4804 673.328 296768 0.236542 0
8.67633e+17 34.7755 323.879 8 76.9398 705.774 7.40898e+06 0.844766 0
2.30929e+17 20.7613 342.296 5 62.2417 695.47 349101 0.257454 0
2.78774e+17 51.7752 12.385 20 58.3649 631.798 730142 0.282419 0
2.39462e+17 47.6138 255.331 24 78.6929 720.898 642031 0.0936361 0
5.59441e+17 52.1106 212.477 29 89.5209 721.327 3.24356e+06 0.648589 0
2.10267e+17 45.7822 224.637 18 88.7723 696.025 548470 0.0884919 0
7.52904e+17 23.8176 187.42 5 61.5584 690.863 3.33092e+06 0.806357 0
2.42901e+17 50.4905 243.234 5 78.5651 632.306 651786 0.370643 0
1.14385e+18 33.6882 38.793 8 38.4257 760.184 7.03706e+06 1.0866 0
5.61463e+17 44.6517 246.508 24 83.1498 723.898 2.72115e+06 0.598851 0
1.01313e+18 53.0982 226.924 9 82.0507 692.607 1.03608e+07 1.24441 0
4.45583e+17 53.5861 283.726 8 73.924 746.598 1.8626e+06 0.480456 0
2.46454e+17 49.6778 269.313 21 75.8384 706.573 551382 0.326017 0
3.38285e+17 49.8407 257.585 7 77.0532 686.451 1.27936e+06 0.466363 0
4.69697e+17 48.9678 347.968 8 73.5681 652.624 2.54108e+06 0.599283 0
2.31663e+18 39.27 328.329 5 78.3693 770.676 4.017e+07 1.04388 0
9.79478e+17 35.5511 245.853 5 87.8272 651.051 9.10267e+06 1.06372 0
7.16284e+17 46.9318 21.613 5 50.0464 687.128 3.59052e+06 0.675346 0
1.63338e+17 22.3792 237.472 7 73.88 722.969 263639 0.072473 0
6.33009e+17 44.4912 259.18 5 82.0815 657.884 4.47109e+06 0.814848 0
5.56668e+17 46.1732 247.059 9 82.5051 721.144 2.72499e+06 0.846986 0
3.56683e+17 51.123 169.751 27 63.4326 663.57 962975 0.580514 0
4.84309e+17 51.4071 279.348 13 75.5796 666.163 2.51009e+06 0.685975 0
3.8679e+17 46.6694 299.557 6 84.6999 662.76 1.58203e+06 0.564347 0
2.10046e+17 48.4581 215.684 16 89.4219 777.213 296875 0.443125 0
4.78388e+17 51.3567 252.228 9 75.7809 666.118 2.60448e+06 0.697288 0
2.66979e+17 52.2122 310.767 24 83.2725 680.432 805193 0.332092 0
4.98048e+17 53.1535 222.81 6 84.1947 736.398 3.28601e+06 0.298983 0
2.4903e+17 45.3668 163.725 20 56.4271 648.703 449298 0.394888 0
5.28902e+17 50.995 161.658 8 56.87 681.489 2.1338e+06 0.526213 0
1.6315e+18 29.7571 345.668 5 64.7589 706.327 2.16899e+07 1.74439 0
9.45428e+17 52.9719 349.006 9 76.1655 807.31 6.99229e+06 1.16497 0
6.90336e+17 52.2375 293.515 28 77.1411 746.105 4.06496e+06 0.790545 0
2.11206e+17 40.0385 291.464 11 87.5174 671.725 318502 0.249051 0
1.98074e+17 48.2184 230.395 20 84.2332 796.47 267626 0.21953 0
2.93161e+17 44.4126 303.417 6 87.279 720.812 853178 0.337003 0
3.0116e+17 51.0037 212.228 6 89.0372 661.178 882766 0.612192 0
8.65145e+17 51.6389 33.189 5 43.0978 712.259 4.98326e+06 0.830881 0
4.6433e+17 54.2611 43.395 19 35.3118 713.875 994007 0.437317 0
2.8756e+17 48.209 269.548 18 77.0337 685.745 622424 0.248692 0
3.03427e+17 52.7793 308.873 19 82.2242 666.908 678564 0.443547 0
2.58027e+17 47.4354 2.9742 15 63.1646 716.64 494780 0.39756 0
4.0476e+17 48.4633 212.937 18 88.138 755.488 1.46379e+06 0.537923 0
4.01907e+17 46.0484 216.517 22 87.8871 657.738 1.32317e+06 0.701682 0
3.2628e+17 43.0373 214.406 5 84.0867 726.065 1.29166e+06 0.329318 0
5.34164e+17 49.2372 62.595 5 19.7792 720.704 457151 0.597835 0
1.11219e+17 28.242 265.525 7 82.9789 656.882 108022 0.111688 0
3.48051e+17 43.1678 300.55 5 88.0097 726.683 825350 0.501858 0
7.64436e+17 49.0563 178.888 7 68.0817 740.821 4.96585e+06 0.918025 0
3.13074e+17 39.9568 276.993 5 86.7619 670.998 762425 0.397489 0
1.24876e+18 46.738 20.71 7 50.9098 706.936 9.30448e+06 1.36164 0
2.08111e+17 44.0466 214.254 17 85.5606 655.277 297428 0.262283 0
2.61145e+17 41.8274 224.042 6 87.9634 690.994 478734 0.379672 0
5.39743e+17 48.2212 253.501 6 78.8574 685.308 3.34871e+06 0.549822 0
5.9693e+17 47.2761 42.297 5 35.2859 691.428 1.26521e+06 0.818674 0
6.17397e+17 51.804 321.368 7 88.9979 692.846 4.28537e+06 0.690366 0
4.53545e+17 38.4597 231.582 5 86.5534 696.715 1.73932e+06 0.527085 0
2.8967e+17 45.7496 292.05 22 82.6653 634.08 677903 0.442942 0
1.02218e+18 46.7997 230.744 6 86.6293 775.633 9.42346e+06 1.14316 0
1.63494e+17 34.1407 236.538 8 85.0289 721.309 205580 0.153863 0
1.87252e+18 42.692 310.92 10 88.1291 657.645 3.35906e+07 2.35698 0
3.82425e+17 50.0277 332.231 5 84.1447 687.378 1.50068e+06 0.469599 0
2.42945e+17 50.2136 269.431 13 76.3339 781.601 556636 0.278756 0
3.73108e+17 52.7659 249.074 18 75.4618 756.597 1.37678e+06 0.396929 0
1.90889e+18 37.736 176.815 5 61.9911 711.053 4.35377e+07 1.54729 0
4.56159e+17 40.1459 318.154 6 83.5212 736.788 1.62847e+06 0.686698 0
3.50773e+17 46.4501 214.012 9 86.1272 641.818 1.31452e+06 0.520001 0
3.68785e+17 48.1443 267.705 11 77.5687 726.409 1.27984e+06 0.524686 0
2.56064e+17 53.1351 293.2 24 76.7609 671.87 708907 0.522756 0
4.41087e+17 42.5447 152.258 6 48.589 676.557 1.20147e+06 0.599778 0
3.09228e+17 48.4926 24.575 14 47.9013 711.082 539188 0.494053 0
8.79748e+17 45.5114 29.154 6 44.6526 780.22 2.96246e+06 1.02233 0
1.04129e+18 45.2519 262.279 5 80.719 732.012 9.54279e+06 0.598395 0
1.85016e+17 41.3805 292.18 8 87.3346 665.599 284085 0.386254 0
5.44565e+17 48.4712 251.857 8 78.1231 666.939 3.48325e+06 0.680852 0
4.26759e+17 49.465 179.083 19 68.6378 724.551 2.03125e+06 0.395989 0
3.133e+18 20.561 181.025 8 57.2299 736.092 5.66535e+07 2.87092 0
3.59061e+17 52.0169 177.596 23 69.4608 676.549 1.55229e+06 0.501877 0
2.87958e+17 47.9752 310.139 9 86.3563 702.851 731685 0.305932 0
1.29689e+18 52.1089 58.268 5 23.222 721.346 3.11352e+06 1.52535 0
4.84529e+17 42.4061 288.22 7 85.6003 656.414 2.44127e+06 0.411973 0
7.13989e+17 50.7392 199.928 5 82.78 676.393 8.33231e+06 0.842492 0
7.68598e+17 43.4035 301.544 8 87.847 706.653 5.75487e+06 0.86662 0
4.87642e+17 28.1731 346.543 5 63.5116 716.026 1.52025e+06 0.593925 0
4.86725e+17 54.5172 38.787 17 38.9529 696.126 1.30945e+06 0.700366 0
2.33887e+17 45.3879 231.598 18 86.5111 690.994 552973 0.0422091 0
1.99765e+17 41.2338 216.496 7 84.1565 683.376 320681 0.21224 0
1.32885e+17 27.8567 249.274 10 81.1705 756.053 100395 0.217706 0
3.83685e+17 47.1371 229.747 22 85.8611 691.662 1.22097e+06 0.547127 0
4.56269e+17 44.4387 182.095 5 68.3374 656.719 1.57107e+06 0.509407 0
3.12467e+17 46.653 193.735 10 75.9465 685.72 941531 0.444254 0
1.27213e+18 43.4223 34.644 6 40.5124 730.838 6.72308e+06 1.27227 0
3.4257e+17 42.494 271.344 5 83.5452 762.014 940950 0.44415 0
2.71226e+17 48.5376 269.835 6 77.1465 667.338 760097 0.355544 0
1.44435e+18 35.6111 292.23 6 87.1368 691.319 2.57635e+07 1.64168 0
2.35289e+17 40.7598 235.878 7 89.4671 700.136 409614 0.262898 0
5.2594e+17 44.2407 216.433 7 86.0906 676.416 2.74644e+06 0.617803 0
3.19207e+17 18.8426 273.15 7 72.9478 647.588 611856 0.413576 0
2.3956e+17 22.9288 137.041 7 42.2997 686.485 199347 0.103761 0
1.04447e+18 42.3209 261.242 9 84.157 695.963 1.38214e+07 1.24307 0
8.57221e+17 43.6512 258.877 6 82.8289 670.441 8.50255e+06 0.884307 0
6.00337e+17 39.879 261.415 5 86.2064 731.994 2.84102e+06 0.463485 0
1.42123e+18 40.5703 170.577 6 58.6627 656.469 1.22498e+07 1.63101 0
3.59559e+17 51.9549 250.247 25 75.2346 697.264 928140 0.567077 0
5.41244e+17 52.3159 307.548 9 82.466 725.022 2.61127e+06 0.863646 0
4.9355e+17 48.9813 192.205 6 76.4939 695.228 2.21141e+06 0.644457 0
7.04805e+17 42.3281 262.496 5 83.7893 675.585 5.33845e+06 0.885441 0
9.72496e+17 43.0209 228.994 6 89.8567 703.691 6.73213e+06 1.47307 0
6.70769e+17 50.8224 232.878 9 81.9237 721.628 4.23278e+06 0.806628 0
1.46402e+18 46.4306 264.494 9 79.8953 641.675 2.47094e+07 1.40511 0
4.95834e+17 45.0625 202.919 6 79.9028 706.973 2.47599e+06 0.71846 0
4.99493e+17 52.3289 320.111 7 87.9761 680.454 2.78146e+06 0.736841 0
9.69186e+17 31.2206 203.918 6 72.1432 656.873 8.93431e+06 0.967947 0
3.31379e+17 52.9139 264.538 8 72.8124 735.915 1.01716e+06 0.317111 0
8.0349e+17 37.043 249.924 5 89.5452 767.099 5.0959e+06 1.0661 0
1.32951e+17 41.0786 252.508 13 85.9159 622.612 187614 0.176615 0
7.93654e+17 37.142 314.112 5 82.3172 725.993 4.1105e+06 0.970314 0
8.01968e+17 46.6841 311.096 6 88.0854 685.752 6.4628e+06 0.81338 0
3.26622e+17 46.2624 186.605 21 72.074 681.167 1.01352e+06 0.334901 0
4.23347e+17 46.5707 7.0751 5 60.0409 705.386 1.21019e+06 0.708195 0
6.76322e+17 49.8307 346.218 6 75.1286 706.543 4.43028e+06 0.785731 0
4.58363e+17 48.5393 303.027 6 84.0201 731.95 2.35398e+06 0.537152 0
1.69083e+17 26.821 245.208 9 80.0279 667.501 195207 0.391424 0
1.46288e+18 49.1718 196.357 8 78.8374 940.724 1.94227e+07 1.11091 0
9.12837e+17 35.7945 135.88 11 37.771 711.975 4.01548e+06 1.04215 0
1.97341e+18 53.7807 196.689 5 82.1771 845.972 4.10675e+07 2.20003 0
1.89765e+18 41.5304 191.341 7 71.6429 750.998 2.07541e+07 1.49614 0
4.73205e+17 43.8574 164.626 5 56.0792 671.649 1.53069e+06 0.530161 0
2.11587e+18 37.5354 358.813 5 61.6372 731.26 8.22413e+07 1.87779 0
8.08414e+17 25.0817 113.052 5 32.8626 717.565 1.76686e+06 0.72297 0
2.83716e+17 41.4693 181.072 8 66.442 646.976 669124 0.320726 0
1.43597e+18 40.8056 137.208 5 37.916 700.566 8.3314e+06 1.72298 0
2.21666e+17 46.2794 206.063 16 83.3136 721.677 476411 0.140782 0
6.8348e+17 47.6898 205.907 10 83.2103 697.564 5.03292e+06 0.689393 0
3.70471e+17 51.3418 190.347 28 77.1697 776.438 1.45467e+06 0.394938 0
5.83803e+17 46.7554 192.814 9 75.3447 685.675 3.00215e+06 0.560619 0
6.75373e+17 53.4371 220.169 5 85.12 697.15 5.29343e+06 0.660701 0
1.65974e+18 53.8149 209.093 10 89.1543 683.124 2.92445e+07 2.02889 0
7.05661e+17 47.5218 31.5 6 43.3902 761.695 2.05159e+06 9.14962e-06 0
1.69206e+17 46.0774 252.922 20 80.4893 742.076 200630 0.198706 0
2.8821e+17 43.7757 262.43 5 82.7533 671.371 771652 0.393417 0
3.06149e+17 48.7358 273.74 6 77.7601 648.701 931329 0.394732 0
3.03576e+17 52.3306 228.248 24 81.6363 681.814 844344 0.501008 0
2.76393e+17 43.2379 259.022 20 82.6497 686.562 745242 0.197846 0
4.65166e+17 52.8107 331.201 8 86.0345 687.442 2.96382e+06 0.600378 0
4.61052e+17 45.6004 6.3209 7 59.5102 671.864 1.62301e+06 0.515565 0
5.75144e+17 54.9153 276.159 13 71.6665 725.835 3.40973e+06 0.530609 0
4.45187e+18 53.6046 330.644 6 86.8025 977.831 2.2719e+08 3.02918 0
4.19804e+17 43.9157 257.611 5 82.7162 736.511 1.76406e+06 0.443051 0
3.99973e+17 48.5102 176.761 30 66.8196 667.958 1.44884e+06 0.442896 0
2.88584e+17 51.4975 310.892 5 84.6795 666.911 1.12839e+06 0.5839 0
3.59671e+17 53.2825 211.421 8 89.956 741.733 1.37152e+06 0.470702 0
1.1518e+18 41.9714 229.914 5 89.2544 732.528 9.91159e+06 1.24205 0
1.99022e+17 20.4433 189.438 5 61.038 616.962 199499 0.134079 0
2.82638e+17 40.8116 206.828 19 79.3299 621.141 713381 0.293979 0
2.94511e+17 37.9088 16.429 6 51.7936 672.218 489571 0.437285 0
2.87717e+17 53.6671 256.985 26 72.567 796.67 723624 0.136987 0
4.27502e+17 53.2432 241.028 24 76.0945 696.725 1.76451e+06 0.491006 0
2.64936e+17 47.5328 14.684 13 55.2282 696.479 457364 0.494742 0
3.04338e+17 42.692 252.481 5 84.753 657.366 837478 0.42556 0
2.3862e+17 41.7292 189.007 10 70.3486 647.976 524057 0.312498 0
3.26614e+17 23.257 247.535 5 76.7267 707.136 691852 0.345431 0
2.20469e+17 45.104 31.129 5 43.4711 730.658 201619 0.207036 0
3.86787e+17 32.7076 215.29 5 76.6927 707.159 1.67221e+06 0.479672 0
4.12232e+17 52.8454 268.278 8 73.46 710.732 2.13938e+06 0.347412 0
4.54687e+17 35.2717 225.366 5 81.9053 686.672 1.40063e+06 0.620664 0
